0 30 0 14.3572
0 45 0 0.887042
0 68 0 25.9493
0 81 0 21.1355
0 135 0 15.4856
0 160 0 21.8427
0 166 0 12.6388
0 186 0 6.95098
0 236 0 23.3549
0 264 0 19.9893
0 266 0 10.3655
0 268 0 7.85989
0 283 0 31.0717
0 292 0 6.02279
0 315 0 33.2891
0 369 0 9.34843
0 391 0 2.01243
1 57 0 34.5076
1 88 0 13.4043
1 89 0 9.98806
1 93 0 21.6431
1 112 0 10.5746
1 212 0 12.1563
1 239 0 10.8389
1 251 0 13.6966
1 258 0 8.69612
1 272 0 28.8184
1 326 0 19.0852
1 338 0 4.89243
1 370 0 1.66337
1 376 0 4.19517
1 382 0 2.4942
1 383 0 5.10348
1 386 0 5.4681
1 391 0 4.9031
1 394 0 1.27455
1 398 0 1.8277
2 3 0 23.6257
2 61 0 10.8045
2 73 0 15.3287
2 75 0 16.8374
2 127 0 25.6736
2 138 0 24.0066
2 172 0 21.4684
2 189 0 12.9095
2 298 0 1.05202
2 309 0 20.116
2 343 0 17.9169
2 355 0 12.0647
2 360 0 11.1059
2 364 0 8.10465
2 369 0 7.29202
2 379 0 7.15954
2 383 0 6.77597
2 385 0 2.29708
2 386 0 6.97828
2 390 0 2.10272
2 394 0 2.17288
3 24 0 9.47928
3 42 0 30.0008
3 47 0 33.4165
3 55 0 27.9871
3 89 0 13.4512
3 96 0 31.5516
3 116 0 21.1077
3 122 0 20.8091
3 127 0 18.4605
3 141 0 14.6686
3 181 0 28.9131
3 238 0 13.4083
3 250 0 32.7517
3 273 0 33.0259
3 323 0 23.9688
3 335 0 5.71856
3 380 0 0.412153
3 391 0 1.48339
3 393 0 1.3956
3 398 0 1.40897
4 7 0 21.6578
4 15 0 12.167
4 17 0 16.6496
4 34 0 14.7451
4 54 0 5.82268
4 96 0 28.7281
4 115 0 20.4679
4 128 0 11.3531
4 130 0 30.9349
4 185 0 30.8899
4 190 0 32.2326
4 237 0 8.96258
4 245 0 4.88288
4 262 0 6.60171
4 299 0 19.6528
4 306 0 20.2705
4 326 0 4.67339
4 335 0 13.0336
4 355 0 16.3198
4 363 0 3.46966
4 382 0 2.78748
4 383 0 7.49089
4 387 0 5.5897
4 389 0 3.39918
4 395 0 1.96754
4 396 0 1.0188
5 5 0 18.5315
5 133 0 8.6677
5 146 0 14.5377
5 167 0 17.067
5 204 0 57.0453
5 226 0 10.3628
5 271 0 14.2094
5 300 0 18.5106
5 358 0 15.1758
5 371 0 9.66864
5 394 0 1.90569
6 20 0 13.3975
6 38 0 38.9206
6 45 0 2.83305
6 50 0 8.03625
6 56 0 46.5506
6 158 0 8.90923
6 162 0 8.6618
6 258 0 15.9425
6 269 0 11.591
6 286 0 12.3317
6 331 0 17.3821
6 348 0 11.051
6 376 0 7.82449
6 388 0 3.23688
6 390 0 0.917832
6 393 0 3.50132
7 31 0 18.3653
7 33 0 25.6343
7 46 0 36.8103
7 94 0 11.0061
7 124 0 9.20609
7 147 0 20.4223
7 149 0 17.4607
7 185 0 7.15735
7 203 0 18.414
7 205 0 8.01786
7 226 0 37.3826
7 231 0 11.7154
7 237 0 8.08233
7 268 0 19.7471
7 295 0 20.6659
7 306 0 11.4009
7 311 0 16.5159
7 319 0 11.635
7 333 0 21.0493
7 369 0 12.0443
7 384 0 2.48343
7 386 0 8.53111
7 392 0 3.39824
7 398 0 1.56486
8 8 0 13.497
8 32 0 15.373
8 59 0 36.3776
8 80 0 8.5052
8 84 0 5.55529
8 102 0 43.3306
8 137 0 19.0143
8 143 0 25.2435
8 145 0 24.6708
8 170 0 17.2739
8 213 0 10.1465
8 283 0 13.3801
8 287 0 10.0607
8 361 0 6.19503
8 369 0 10.7804
8 385 0 5.04542
8 386 0 3.09979
8 387 0 5.64278
8 392 0 2.04613
8 393 0 2.1606
9 5 0 22.2419
9 17 0 5.23055
9 39 0 26.4145
9 47 0 15.4192
9 95 0 13.8992
9 98 0 15.4998
9 121 0 15.1073
9 128 0 31.9261
9 137 0 2.84876
9 161 0 8.10425
9 163 0 25.3564
9 192 0 18.7128
9 198 0 5.2306
9 201 0 14.1332
9 236 0 6.2527
9 238 0 34.7093
9 252 0 36.0569
9 283 0 11.5152
9 298 0 11.4044
9 331 0 13.5131
9 354 0 8.97379
9 357 0 2.84543
9 361 0 2.36127
9 369 0 9.48423
9 374 0 9.48105
9 385 0 2.03964
9 395 0 0.489837
10 0 0 25.9061
10 16 0 5.58039
10 25 0 11.0356
10 97 0 38.2966
10 131 0 15.1698
10 143 0 19.4803
10 211 0 14.3397
10 214 0 22.3279
10 223 0 19.8063
10 236 0 15.4567
10 238 0 27.0238
10 263 0 3.25212
10 298 0 26.7439
10 304 0 8.39432
10 320 0 23.1907
10 325 0 9.90327
10 341 0 8.35474
10 361 0 3.59476
10 364 0 4.11344
10 370 0 1.63762
10 371 0 0.518824
10 372 0 3.03143
10 383 0 4.96922
10 386 0 4.3035
10 397 0 2.04805
11 4 0 26.952
11 6 0 13.0672
11 27 0 8.73954
11 31 0 20.6865
11 38 0 23.4632
11 44 0 14.5277
11 47 0 36.2744
11 63 0 22.7384
11 96 0 21.8807
11 179 0 13.6896
11 196 0 12.4764
11 219 0 29.0158
11 224 0 25.7054
11 229 0 25.2395
11 287 0 9.0332
11 375 0 5.10475
11 376 0 6.53427
11 378 0 7.53953
11 384 0 5.59188
11 391 0 5.68308
11 395 0 2.982
12 3 0 4.4863
12 72 0 18.281
12 208 0 16.8596
12 214 0 17.8145
12 216 0 8.74903
12 254 0 5.2027
12 325 0 25.3348
12 363 0 0.582857
12 368 0 8.96074
12 388 0 4.39798
12 389 0 6.33082
12 396 0 2.134
13 11 0 21.457
13 25 0 8.72838
13 46 0 41.2885
13 59 0 19.232
13 67 0 28.7779
13 76 0 17.9372
13 119 0 0.456686
13 142 0 11.5971
13 168 0 23.9918
13 186 0 33.8047
13 209 0 3.23073
13 213 0 12.8502
13 222 0 12.1955
13 269 0 22.8529
13 305 0 25.3284
13 352 0 18.8571
13 359 0 17.469
13 366 0 2.14447
13 373 0 12.0058
14 67 0 29.1676
14 73 0 13.6415
14 205 0 25.6527
14 209 0 15.2263
14 288 0 26.0036
14 315 0 7.50218
14 375 0 6.2999
14 378 0 3.92969
14 388 0 5.41351
14 392 0 0.630204
14 393 0 0.680298
15 46 0 17.21
15 65 0 11.9164
15 98 0 10.6796
15 134 0 19.4271
15 196 0 34.4626
15 210 0 20.3156
15 243 0 18.0691
15 268 0 31.143
15 369 0 7.85346
15 370 0 22.2368
15 375 0 2.67508
15 379 0 3.03283
15 382 0 1.96786
15 387 0 1.95442
15 389 0 1.32025
15 397 0 0.690421
15 398 0 0.638766
16 16 0 39.7728
16 31 0 25.97
16 48 0 33.5652
16 70 0 4.76952
16 115 0 55.2504
16 119 0 41.2219
16 134 0 4.9577
16 166 0 39.089
16 174 0 17.1626
16 183 0 33.0042
16 224 0 20.8642
16 242 0 15.4909
16 257 0 20.5189
16 267 0 3.39562
16 317 0 29.6174
16 321 0 28.9561
16 329 0 42.201
16 344 0 2.80067
16 351 0 15.8131
16 382 0 3.37645
16 386 0 1.61831
16 390 0 1.73283
17 17 0 13.9521
17 39 0 39.9228
17 43 0 18.7836
17 95 0 7.37553
17 138 0 2.95351
17 142 0 12.9464
17 162 0 39.5366
17 179 0 2.34443
17 236 0 13.9624
17 274 0 31.2257
17 299 0 26.0728
17 379 0 10.8136
17 383 0 0.770964
17 392 0 4.75449
17 395 0 1.60983
18 24 0 27.4886
18 30 0 38.9318
18 38 0 11.0888
18 157 0 31.1039
18 160 0 37.8199
18 198 0 8.26999
18 218 0 17.2663
18 267 0 19.8364
18 297 0 31.509
18 325 0 31.8677
18 349 0 6.82009
18 374 0 6.62905
18 386 0 11.1704
18 390 0 2.40481
18 397 0 4.68976
19 8 0 36.7786
19 36 0 24.5304
19 53 0 2.65179
19 92 0 54.5751
19 132 0 15.1222
19 133 0 24.3031
19 204 0 14.3952
19 268 0 13.501
19 328 0 25.9313
19 357 0 14.1222
19 372 0 13.7284
19 381 0 8.3241
19 392 0 0.401132
19 393 0 3.03802
19 396 0 3.43385
20 22 0 27.9167
20 46 0 15.9048
20 57 0 31.0457
20 111 0 21.6734
20 145 0 28.1627
20 165 0 28.5812
20 170 0 39.0983
20 208 0 23.2236
20 275 0 18.5593
20 279 0 16.0494
20 310 0 5.4318
20 314 0 18.7461
20 338 0 12.6091
20 354 0 4.08051
20 397 0 0.800755
21 108 0 7.71885
21 136 0 31.8365
21 146 0 13.7508
21 180 0 20.0961
21 236 0 41.1591
21 239 0 15.4762
21 314 0 23.317
21 362 0 16.1881
21 368 0 20.0406
21 388 0 9.95414
21 397 0 1.34015
21 398 0 0.843077
22 1 0 14.5958
22 2 0 23.7817
22 28 0 16.5865
22 54 0 48.5358
22 57 0 18.7663
22 99 0 15.5223
22 124 0 19.614
22 147 0 39.7782
22 272 0 38.3796
22 308 0 26.2806
22 312 0 27.1995
22 334 0 25.6021
22 372 0 9.39379
22 381 0 3.10078
22 391 0 5.5713
22 398 0 3.92157
23 10 0 29.1535
23 16 0 11.6423
23 17 0 20.7874
23 20 0 17.2485
23 47 0 34.8111
23 138 0 12.8077
23 146 0 17.9611
23 163 0 9.80944
23 249 0 27.9733
23 254 0 21.2429
23 258 0 6.67668
23 271 0 23.3461
23 274 0 0.664022
23 308 0 11.3267
23 325 0 21.1957
23 346 0 10.3924
23 381 0 8.59212
23 383 0 1.34085
23 395 0 4.71252
24 41 0 17.5907
24 42 0 11.7871
24 61 0 30.8743
24 112 0 2.88133
24 125 0 27.5349
24 132 0 14.7588
24 189 0 35.7549
24 199 0 29.057
24 276 0 11.8581
24 333 0 19.5051
24 366 0 4.32977
24 376 0 7.09793
24 383 0 3.78884
24 388 0 3.2743
24 389 0 3.52197
24 398 0 0.554764
25 0 0 0.500896
25 3 0 4.3716
25 25 0 0.913901
25 52 0 23.1058
25 79 0 10.3097
25 106 0 16.471
25 112 0 5.41441
25 121 0 19.9857
25 144 0 19.0482
25 147 0 19.7022
25 180 0 20.7887
25 197 0 8.74539
25 381 0 5.41634
26 20 0 16.1704
26 24 0 14.9348
26 63 0 23.712
26 102 0 34.3328
26 111 0 32.1582
26 126 0 32.7346
26 141 0 10.9806
26 212 0 19.6691
26 235 0 20.4195
26 258 0 16.5146
26 358 0 18.3667
26 394 0 1.60586
26 396 0 3.97544
27 64 0 17.5184
27 80 0 37.8925
27 119 0 8.67549
27 196 0 10.3525
27 369 0 6.86924
27 383 0 9.03429
27 384 0 6.23746
27 388 0 5.80884
27 398 0 2.24558
28 8 0 14.3073
28 38 0 27.8214
28 57 0 19.617
28 83 0 10.6984
28 93 0 18.4165
28 113 0 36.3183
28 136 0 21.9673
28 198 0 23.701
28 208 0 23.8286
28 256 0 30.8164
28 261 0 31.2157
28 293 0 26.1031
28 311 0 8.42017
28 327 0 11.1343
28 328 0 10.506
28 360 0 0.999485
28 397 0 0.881562
29 1 0 22.8469
29 11 0 20.0785
29 27 0 6.20818
29 44 0 6.94997
29 64 0 34.2384
29 99 0 4.48579
29 112 0 8.74523
29 123 0 11.5714
29 142 0 3.42973
29 192 0 43.4188
29 195 0 52.6181
29 218 0 27.469
29 271 0 14.3792
29 273 0 9.01574
29 287 0 10.2699
29 302 0 27.4816
29 307 0 21.4508
29 327 0 15.8893
29 354 0 9.4555
29 372 0 2.79304
29 381 0 4.85018
29 398 0 2.34544
30 4 0 25.3619
30 32 0 31.2196
30 52 0 25.5157
30 92 0 16.128
30 149 0 19.1376
30 166 0 43.2674
30 217 0 35.1492
30 244 0 22.5403
30 270 0 11.3598
30 272 0 41.5424
30 292 0 27.0656
30 303 0 24.6384
30 319 0 32.9133
30 323 0 1.26896
30 388 0 1.76165
30 393 0 1.34024
30 395 0 3.24251
30 396 0 3.05435
30 397 0 2.90777
31 80 0 28.844
31 100 0 11.8181
31 295 0 6.47812
31 304 0 34.3788
31 330 0 7.57813
31 360 0 5.92524
31 377 0 10.1449
31 380 0 3.49774
31 382 0 6.57551
31 387 0 2.75963
31 388 0 4.1264
31 389 0 5.66621
31 391 0 0.942222
31 398 0 1.70153
32 10 0 6.06186
32 12 0 21.6352
32 27 0 24.5841
32 53 0 22.3935
32 90 0 39.9996
32 114 0 10.922
32 161 0 21.7575
32 171 0 33.2706
32 193 0 10.9987
32 207 0 30.2105
32 216 0 35.3493
32 249 0 17.1629
32 319 0 24.2452
32 337 0 23.091
32 346 0 24.3886
32 347 0 10.3719
32 348 0 8.50771
32 351 0 18.2641
32 361 0 22.7593
32 382 0 10.9366
32 392 0 2.44876
33 3 0 20.209
33 78 0 16.553
33 112 0 17.6327
33 116 0 10.6695
33 134 0 29.9007
33 142 0 43.2587
33 146 0 15.4048
33 154 0 3.42946
33 163 0 20.4126
33 164 0 20.6705
33 182 0 33.2875
33 197 0 41.7789
33 265 0 14.2105
33 270 0 16.5271
33 307 0 17.6957
33 367 0 7.72746
33 369 0 9.28644
33 376 0 1.05791
33 383 0 11.1221
33 389 0 4.6803
33 395 0 6.47157
34 142 0 32.3121
34 232 0 31.8024
34 239 0 13.7946
34 275 0 14.6288
34 329 0 6.07454
34 353 0 14.286
34 355 0 15.8167
34 382 0 3.8203
34 387 0 8.19855
34 389 0 7.31372
35 14 0 15.5244
35 51 0 14.7285
35 83 0 26.0578
35 123 0 21.9193
35 142 0 9.50482
35 175 0 19.0981
35 181 0 35.749
35 214 0 26.6522
35 243 0 26.3697
35 262 0 22.4845
35 276 0 7.68978
35 279 0 10.5036
35 284 0 10.4923
35 291 0 46.5982
35 304 0 19.1898
35 330 0 19.9748
35 377 0 2.8821
35 385 0 6.26042
35 392 0 1.43395
35 396 0 0.749098
36 40 0 33.7843
36 93 0 19.6925
36 171 0 36.3698
36 177 0 45.19
36 205 0 10.1017
36 259 0 9.15881
36 277 0 23.0762
36 306 0 9.09865
36 326 0 26.9139
36 364 0 2.02495
36 378 0 9.32643
36 382 0 1.08514
36 389 0 4.18057
36 392 0 3.65391
36 397 0 4.96409
37 22 0 13.611
37 103 0 26.1121
37 261 0 24.183
37 301 0 18.4509
37 315 0 15.4712
37 387 0 6.77598
37 396 0 1.30871
38 36 0 20.6077
38 163 0 15.5744
38 168 0 13.65
38 375 0 13.3444
38 379 0 2.85395
38 395 0 2.49617
39 5 0 9.79413
39 6 0 16.4044
39 19 0 7.81205
39 76 0 22.455
39 77 0 49.2083
39 165 0 25.2168
39 208 0 12.9479
39 324 0 13.1637
39 376 0 4.31758
39 385 0 7.48211
39 386 0 6.47605
39 388 0 2.7305
39 390 0 2.8164
39 391 0 1.26806
39 397 0 2.53583
40 5 0 32.7517
40 10 0 4.42579
40 14 0 3.32728
40 27 0 26.8123
40 35 0 21.2274
40 54 0 12.8039
40 72 0 12.8787
40 74 0 1.11287
40 75 0 16.5176
40 146 0 3.52218
40 162 0 22.0124
40 202 0 26.529
40 230 0 26.1582
40 242 0 1.83485
40 298 0 6.123
40 330 0 14.8159
40 381 0 3.62937
40 387 0 7.04824
40 390 0 1.65381
40 391 0 6.61499
40 398 0 2.08858
41 3 0 7.08154
41 9 0 13.2754
41 38 0 25.272
41 43 0 3.785
41 69 0 14.7021
41 96 0 42.1886
41 105 0 27.5678
41 106 0 24.4705
41 108 0 20.0694
41 120 0 31.7612
41 121 0 10.2797
41 130 0 25.4886
41 175 0 8.83284
41 191 0 6.07224
41 194 0 19.282
41 275 0 6.16878
41 301 0 18.3873
41 330 0 39.0227
41 332 0 24.1524
41 362 0 11.2202
41 367 0 6.98018
41 383 0 8.59066
41 392 0 2.87941
41 397 0 2.13666
42 13 0 11.3617
42 108 0 9.15833
42 128 0 18.561
42 130 0 18.5208
42 167 0 15.3053
42 184 0 25.9738
42 195 0 16.4233
42 212 0 16.5792
42 242 0 9.82903
42 262 0 19.4554
42 292 0 13.0767
42 294 0 15.5639
42 330 0 27.1887
42 349 0 5.86414
42 368 0 18.3985
42 390 0 3.86318
42 393 0 3.69242
43 6 0 21.471
43 16 0 30.6308
43 19 0 8.44935
43 70 0 25.2255
43 71 0 21.0118
43 81 0 40.5742
43 133 0 32.6028
43 138 0 22.692
43 160 0 6.67996
43 221 0 5.37443
43 233 0 8.0043
43 266 0 19.0397
43 342 0 20.0119
43 348 0 4.55364
43 351 0 17.2438
43 380 0 13.4029
43 390 0 2.55248
43 398 0 1.58476
44 5 0 30.061
44 29 0 16.4481
44 64 0 10.5473
44 78 0 19.2262
44 103 0 28.7933
44 120 0 22.0421
44 131 0 10.7079
44 150 0 19.5552
44 172 0 27.6919
44 195 0 16.4898
44 202 0 30.5861
44 219 0 26.8267
44 229 0 24.1063
44 258 0 29.393
44 263 0 5.68351
44 273 0 36.8568
44 300 0 37.5413
44 322 0 26.0032
44 357 0 5.71465
44 367 0 10.2715
44 371 0 5.05044
44 389 0 3.52432
44 392 0 8.14648
44 393 0 2.26931
44 395 0 3.48549
44 398 0 0.952999
45 0 0 26.4499
45 34 0 17.8051
45 47 0 9.33706
45 121 0 8.51871
45 167 0 23.9659
45 205 0 24.9654
45 228 0 15.5213
45 272 0 50.0531
45 288 0 5.97506
45 300 0 31.1486
45 314 0 12.1335
45 379 0 2.10636
45 384 0 9.34556
45 388 0 5.56431
45 394 0 4.37812
45 396 0 3.58234
46 23 0 18.0006
46 40 0 32.1616
46 58 0 23.2464
46 71 0 18.9415
46 73 0 8.48683
46 80 0 13.4464
46 121 0 16.1776
46 134 0 10.4551
46 143 0 30.3848
46 183 0 35.7837
46 200 0 45.0456
46 233 0 17.9483
46 278 0 29.7393
46 295 0 27.5945
46 391 0 8.01103
46 392 0 4.85459
46 393 0 0.955329
46 396 0 1.63103
47 1 0 15.0209
47 44 0 58.4171
47 49 0 41.8083
47 62 0 17.9703
47 139 0 13.962
47 197 0 29.8652
47 223 0 20.1343
47 238 0 20.7768
47 261 0 10.2264
47 301 0 17.7925
47 387 0 1.77325
47 394 0 4.34186
47 398 0 0.686079
48 3 0 14.1329
48 28 0 19.09
48 103 0 39.5078
48 120 0 54.8381
48 142 0 18.0002
48 192 0 3.11381
48 238 0 28.5931
48 243 0 21.9636
48 245 0 15.1679
48 278 0 21.526
48 290 0 7.5019
48 367 0 19.7756
48 371 0 19.4192
48 389 0 4.8045
48 396 0 2.85482
49 25 0 0.921401
49 26 0 30.6836
49 45 0 20.4798
49 71 0 15.0704
49 114 0 17.8277
49 129 0 35.4254
49 136 0 17.2821
49 182 0 10.2752
49 185 0 13.2369
49 241 0 15.2744
49 281 0 20.5894
49 285 0 10.8614
49 289 0 26.5051
49 292 0 37.6362
49 368 0 13.7387
49 374 0 16.8709
49 384 0 1.38386
49 390 0 5.57639
49 393 0 1.07925
49 396 0 1.01801
49 398 0 1.67729
50 0 0 12.0919
50 10 0 12.3945
50 65 0 19.858
50 71 0 4.45675
50 82 0 6.42492
50 99 0 24.2273
50 141 0 22.3576
50 146 0 15.8426
50 170 0 59.6714
50 175 0 16.2203
50 195 0 11.0347
50 196 0 6.47904
50 224 0 6.24098
50 258 0 26.6225
50 323 0 21.1977
50 325 0 30.6632
50 338 0 12.9856
50 344 0 3.53928
50 349 0 17.353
50 368 0 11.2643
50 388 0 2.29919
50 392 0 3.75458
50 397 0 2.58235
51 12 0 13.9307
51 21 0 24.3884
51 65 0 13.8993
51 91 0 41.7467
51 164 0 10.2566
51 203 0 33.3351
51 222 0 31.2889
51 302 0 29.1818
51 303 0 26.0943
51 323 0 19.9922
51 335 0 13.3194
51 342 0 26.6889
51 373 0 6.77894
51 381 0 6.18777
51 393 0 2.5087
51 394 0 2.77508
52 15 0 4.89767
52 45 0 32.6517
52 48 0 8.37078
52 55 0 24.8003
52 80 0 24.0279
52 107 0 0.655168
52 125 0 41.7062
52 141 0 28.0016
52 195 0 3.94909
52 196 0 40.2197
52 203 0 2.52369
52 222 0 3.88542
52 313 0 53.1307
52 352 0 2.81016
52 364 0 6.79239
52 373 0 14.5186
52 381 0 5.43209
52 386 0 6.67299
52 387 0 13.7879
52 389 0 4.71781
52 398 0 0.751827
53 0 0 18.8311
53 45 0 12.4564
53 78 0 21.7296
53 125 0 17.0347
53 127 0 26.2205
53 139 0 38.6529
53 143 0 15.2476
53 161 0 21.7085
53 177 0 60.8628
53 189 0 7.09686
53 204 0 17.9073
53 220 0 18.8035
53 222 0 23.8002
53 288 0 16.8699
53 299 0 53.6827
53 322 0 24.8583
53 361 0 22.2155
53 377 0 4.41302
53 398 0 0.995523
54 13 0 14.5056
54 25 0 12.8627
54 28 0 29.4897
54 83 0 5.35683
54 134 0 19.4152
54 190 0 31.7952
54 212 0 16.6306
54 275 0 19.6452
54 290 0 10.6818
54 298 0 31.261
54 389 0 5.16944
54 394 0 2.61193
55 43 0 47.6807
55 61 0 34.2551
55 71 0 41.5119
55 150 0 49.9538
55 151 0 33.2504
55 185 0 9.92216
55 224 0 23.4539
55 274 0 13.4034
55 346 0 20.7051
55 357 0 10.2908
55 381 0 8.30027
55 387 0 8.84588
55 392 0 4.75717
56 10 0 15.344
56 38 0 6.84605
56 47 0 20.8371
56 144 0 24.1376
56 148 0 8.56925
56 163 0 49.1464
56 172 0 15.8353
56 197 0 29.5869
56 232 0 21.9212
56 280 0 27.8762
56 312 0 15.0071
56 340 0 23.1578
56 345 0 18.4347
56 366 0 3.27887
56 383 0 10.5219
56 386 0 2.53954
56 396 0 0.832877
57 21 0 18.941
57 68 0 22.1397
57 101 0 39.5781
57 114 0 16.5254
57 174 0 28.5643
57 322 0 3.46776
57 339 0 29.2793
57 342 0 12.2013
57 347 0 15.0165
57 349 0 8.45046
57 359 0 23.9502
57 380 0 6.75767
57 389 0 4.16762
57 393 0 5.39472
57 394 0 2.34173
58 10 0 18.7467
58 46 0 11.0531
58 78 0 40.6774
58 136 0 19.5389
58 166 0 16.5549
58 212 0 18.5453
58 217 0 25.6267
58 227 0 13.9242
58 235 0 24.3675
58 253 0 33.9784
58 315 0 16.8587
58 327 0 3.845
58 335 0 19.9681
58 341 0 20.6273
58 359 0 4.28819
58 394 0 1.37617
59 4 0 25.264
59 5 0 19.5431
59 54 0 9.0704
59 83 0 19.1064
59 135 0 34.237
59 214 0 19.0028
59 230 0 24.3539
59 268 0 15.357
59 289 0 30.6226
59 322 0 17.9609
59 344 0 3.93645
59 358 0 16.4717
59 380 0 7.92473
59 389 0 7.69895
59 391 0 4.44754
60 2 0 24.4608
60 4 0 33.8594
60 19 0 52.4271
60 22 0 2.53652
60 37 0 24.3788
60 86 0 16.7762
60 200 0 9.51293
60 211 0 27.3958
60 239 0 18.9378
60 257 0 20.8784
60 279 0 22.7838
60 316 0 16.3351
60 323 0 10.7109
60 335 0 12.0409
60 390 0 3.53476
60 397 0 5.54792
61 4 0 18.9549
61 16 0 13.202
61 47 0 19.2575
61 58 0 26.3947
61 70 0 32.5273
61 86 0 21.75
61 126 0 63.9659
61 151 0 21.2885
61 167 0 23.9138
61 229 0 33.6726
61 272 0 28.5089
61 287 0 40.1108
61 305 0 22.5108
61 312 0 29.7011
61 373 0 8.01073
61 374 0 18.0164
61 382 0 6.04753
61 393 0 3.78523
61 397 0 1.5665
62 54 0 14.2344
62 74 0 10.8437
62 88 0 19.1675
62 122 0 48.2246
62 140 0 14.7529
62 236 0 23.2848
62 262 0 13.5216
62 283 0 4.48378
62 287 0 17.5538
62 289 0 41.2624
62 301 0 22.1737
62 322 0 21.1598
62 325 0 28.177
62 352 0 17.7711
62 382 0 3.2676
62 388 0 3.65737
62 393 0 2.41448
62 396 0 1.421
63 2 0 11.2822
63 4 0 35.6513
63 12 0 10.618
63 38 0 19.9345
63 67 0 14.9677
63 83 0 26.8907
63 97 0 14.6565
63 154 0 21.8748
63 165 0 12.9405
63 178 0 35.2115
63 232 0 43.1569
63 357 0 12.8314
63 392 0 3.51909
63 396 0 0.86994
64 30 0 23.979
64 35 0 10.8642
64 38 0 12.6931
64 83 0 34.9981
64 129 0 10.4593
64 224 0 36.6567
64 268 0 40.2162
64 275 0 13.5867
64 315 0 33.2073
64 356 0 5.64127
64 361 0 22.0414
64 388 0 7.77363
64 391 0 0.92436
64 393 0 5.86638
65 22 0 22.4272
65 28 0 26.7929
65 89 0 15.8012
65 128 0 17.1198
65 129 0 19.8058
65 158 0 20.2931
65 203 0 33.9667
65 333 0 4.16831
65 360 0 13.3438
65 368 0 6.48244
65 375 0 13.4236
65 378 0 6.20592
65 391 0 1.36297
65 392 0 1.20816
65 393 0 1.47097
65 395 0 1.48256
65 398 0 1.05276
66 23 0 11.6235
66 59 0 15.9925
66 68 0 27.7509
66 143 0 37.3991
66 149 0 18.0387
66 305 0 19.842
66 309 0 27.5374
66 310 0 17.2623
66 321 0 15.3874
66 348 0 17.3085
66 352 0 2.1845
66 354 0 23.625
66 359 0 12.5586
66 363 0 5.15206
66 382 0 9.86708
66 388 0 3.41147
66 389 0 2.23538
66 392 0 2.19021
67 8 0 34.3368
67 16 0 12.3558
67 22 0 27.9278
67 30 0 27.5161
67 51 0 5.86675
67 69 0 13.466
67 126 0 4.56698
67 138 0 9.55073
67 174 0 5.17335
67 188 0 17.8333
67 190 0 20.8753
67 214 0 22.1898
67 216 0 13.7562
67 275 0 6.68788
67 312 0 34.7791
67 319 0 13.0706
67 341 0 2.66553
67 352 0 14.6179
67 361 0 8.61395
67 390 0 3.29721
67 395 0 2.58978
67 398 0 0.638664
68 1 0 11.1905
68 2 0 29.1236
68 9 0 14.6495
68 11 0 28.4272
68 26 0 14.5771
68 32 0 14.5992
68 117 0 25.374
68 188 0 4.47502
68 214 0 40.6475
68 247 0 36.1559
68 264 0 23.1678
68 265 0 18.3694
68 290 0 30.7913
68 292 0 29.0699
68 380 0 4.66525
68 384 0 8.70566
68 385 0 4.51045
68 391 0 0.879573
68 393 0 3.30017
68 396 0 1.55791
69 0 0 1.36156
69 4 0 2.30593
69 6 0 11.3583
69 7 0 12.6743
69 30 0 13.4304
69 43 0 16.6518
69 56 0 16.2191
69 58 0 11.1643
69 86 0 12.8013
69 186 0 13.2786
69 208 0 6.39005
69 223 0 37.7861
69 227 0 44.8782
69 297 0 5.4267
69 331 0 28.2723
69 390 0 2.64084
69 391 0 3.65172
69 394 0 3.12703
69 398 0 0.435689
70 21 0 16.3932
70 34 0 37.3197
70 36 0 12.4324
70 57 0 30.7397
70 65 0 25.7765
70 90 0 31.5743
70 104 0 27.8962
70 119 0 30.4743
70 146 0 39.4791
70 161 0 3.9149
70 197 0 19.2367
70 229 0 22.0218
70 234 0 23.7598
70 243 0 6.068
70 289 0 29.8607
70 329 0 10.8553
70 358 0 20.9905
70 359 0 7.72719
70 378 0 3.08715
70 382 0 4.17257
70 386 0 3.26415
70 388 0 5.52671
71 3 0 13.2672
71 16 0 3.15453
71 23 0 29.0177
71 34 0 13.2737
71 48 0 11.5447
71 79 0 30.4108
71 95 0 37.5235
71 97 0 13.5502
71 114 0 16.5559
71 118 0 34.8545
71 125 0 10.3491
71 140 0 17.4687
71 143 0 19.3518
71 147 0 26.1698
71 240 0 32.5896
71 247 0 11.6454
71 266 0 18.281
71 268 0 28.0454
71 282 0 4.99949
71 300 0 19.3919
71 339 0 23.4425
71 360 0 4.09153
71 384 0 5.21126
71 395 0 1.53058
71 398 0 0.942263
72 9 0 9.79457
72 37 0 16.3233
72 46 0 16.4672
72 82 0 35.4925
72 141 0 17.1396
72 187 0 45.1232
72 197 0 18.8798
72 207 0 33.7615
72 217 0 23.4725
72 244 0 35.3489
72 261 0 20.8111
72 311 0 19.3235
72 335 0 10.1828
72 338 0 17.1417
72 358 0 6.30522
72 389 0 7.89131
72 393 0 1.24938
72 394 0 0.566688
72 395 0 0.516203
72 397 0 0.57031
73 2 0 5.04041
73 4 0 12.2858
73 23 0 17.7537
73 29 0 49.0156
73 56 0 27.0863
73 103 0 24.5228
73 145 0 8.63683
73 214 0 30.4496
73 234 0 26.5765
73 268 0 16.1789
73 283 0 17.4377
73 298 0 25.8478
73 318 0 15.0754
73 321 0 3.81185
73 368 0 18.5898
73 372 0 8.91866
73 391 0 1.525
74 0 0 18.1921
74 15 0 8.24932
74 24 0 11.2008
74 119 0 10.4729
74 124 0 14.6403
74 132 0 40.9713
74 141 0 15.982
74 178 0 27.6193
74 185 0 17.9471
74 207 0 18.7246
74 230 0 21.9632
74 265 0 18.4219
74 308 0 16.0531
74 342 0 29.0256
74 356 0 1.20882
74 365 0 17.4683
74 374 0 8.88903
74 381 0 6.97352
74 383 0 5.90275
74 390 0 3.82902
74 397 0 0.816342
75 24 0 7.01547
75 60 0 3.04117
75 167 0 18.2408
75 177 0 19.5569
75 192 0 23.5923
75 198 0 26.3913
75 214 0 24.6101
75 226 0 17.8982
75 255 0 5.78439
75 256 0 29.727
75 258 0 7.58988
75 292 0 39.7888
75 295 0 23.3489
75 296 0 18.8446
75 306 0 36.5104
75 313 0 25.021
75 342 0 17.3738
75 352 0 9.17496
75 357 0 7.63346
75 370 0 4.10523
75 381 0 9.31774
75 385 0 4.16946
75 386 0 6.49115
75 387 0 7.39179
75 388 0 5.00079
75 391 0 2.61304
75 396 0 2.17421
75 397 0 0.402821
76 5 0 13.6396
76 20 0 12.0291
76 27 0 11.2068
76 40 0 18.1021
76 112 0 4.22236
76 134 0 25.6255
76 175 0 20.0055
76 235 0 42.8322
76 247 0 5.57291
76 273 0 7.17022
76 279 0 32.1044
76 287 0 17.8622
76 329 0 37.8143
76 362 0 13.7116
76 370 0 12.6691
76 395 0 0.683703
77 36 0 16.2522
77 78 0 24.947
77 112 0 7.84146
77 116 0 21.9138
77 128 0 20.8545
77 129 0 11.9865
77 152 0 26.5838
77 219 0 19.1523
77 224 0 11.7276
77 226 0 28.4967
77 230 0 23.9175
77 246 0 41.705
77 273 0 28.6894
77 290 0 23.4078
77 334 0 5.65666
77 376 0 17.3775
77 383 0 11.7099
77 389 0 6.9092
77 392 0 6.98614
77 396 0 1.14168
77 397 0 1.06758
78 59 0 23.7629
78 81 0 20.6147
78 90 0 11.8368
78 107 0 10.2239
78 109 0 27.2211
78 118 0 11.7095
78 161 0 7.6867
78 163 0 12.039
78 217 0 26.948
78 242 0 16.2328
78 373 0 8.45929
78 381 0 4.86477
78 394 0 2.38788
78 396 0 2.33655
78 398 0 2.1776
79 34 0 23.099
79 55 0 16.6913
79 116 0 29.3016
79 175 0 14.6083
79 193 0 24.1152
79 216 0 11.6694
79 270 0 10.5622
79 301 0 8.08147
79 378 0 9.80499
79 393 0 1.15752
79 395 0 3.85001
79 397 0 4.25829
80 52 0 16.3821
80 72 0 9.8261
80 86 0 14.0408
80 110 0 30.9004
80 140 0 13.1817
80 168 0 28.609
80 257 0 15.9221
80 322 0 38.7282
80 329 0 21.5165
80 342 0 19.0867
80 358 0 11.6015
80 359 0 29.3016
80 379 0 6.98472
80 389 0 4.29865
80 397 0 3.39914
80 398 0 1.65716
81 41 0 22.1677
81 69 0 33.698
81 72 0 16.399
81 96 0 6.90017
81 108 0 7.4953
81 109 0 43.9992
81 136 0 23.0124
81 177 0 8.8407
81 246 0 44.341
81 259 0 30.5165
81 302 0 18.9431
81 321 0 10.3238
81 361 0 5.04496
81 371 0 8.6576
81 374 0 5.55261
81 390 0 1.22312
81 397 0 1.72124
81 398 0 2.92891
82 5 0 14.2375
82 10 0 12.2028
82 12 0 33.2975
82 14 0 5.20447
82 65 0 2.47874
82 178 0 14.3643
82 301 0 39.9321
82 310 0 35.8848
82 312 0 9.9021
82 318 0 20.9423
82 347 0 10.6114
82 366 0 8.16491
82 379 0 4.14213
82 391 0 1.67994
82 392 0 3.46668
83 63 0 13.7359
83 77 0 26.5196
83 84 0 15.373
83 126 0 11.9959
83 140 0 6.76815
83 148 0 60.3021
83 169 0 24.8052
83 179 0 46.8803
83 223 0 11.5131
83 225 0 16.3066
83 226 0 41.0309
83 262 0 12.8231
83 276 0 14.1548
83 295 0 20.4101
83 305 0 40.3727
83 376 0 3.43646
83 378 0 7.25059
83 387 0 3.04358
83 389 0 2.41762
83 391 0 4.23579
83 394 0 2.41843
83 397 0 3.81524
83 398 0 1.45357
84 1 0 15.0306
84 17 0 3.33356
84 20 0 16.3616
84 40 0 36.8179
84 49 0 23.4484
84 125 0 19.4993
84 127 0 8.31731
84 144 0 12.9721
84 190 0 27.4406
84 197 0 4.42119
84 264 0 48.3875
84 313 0 3.34933
84 350 0 10.6821
84 357 0 6.41612
84 387 0 3.93938
84 389 0 2.13131
84 395 0 0.999694
85 41 0 9.83175
85 85 0 13.9412
85 89 0 9.78515
85 98 0 13.6762
85 119 0 2.24538
85 191 0 6.75258
85 253 0 8.01462
85 295 0 8.5649
85 312 0 13.8984
85 332 0 41.353
85 340 0 11.4647
85 391 0 1.81309
86 5 0 19.9032
86 9 0 5.2063
86 13 0 38.0109
86 29 0 3.23345
86 47 0 14.873
86 76 0 29.8886
86 126 0 21.1197
86 147 0 37.8135
86 165 0 18.8971
86 203 0 40.7478
86 206 0 17.0976
86 211 0 38.0269
86 248 0 6.60124
86 323 0 19.035
86 325 0 14.0466
86 371 0 13.6764
86 389 0 3.53447
86 391 0 3.36285
86 393 0 6.2869
86 396 0 1.00715
86 397 0 2.19367
86 398 0 0.562079
87 1 0 5.72253
87 104 0 14.3706
87 111 0 24.2461
87 124 0 32.2904
87 159 0 31.9321
87 170 0 18.704
87 180 0 39.9182
87 188 0 18.7958
87 226 0 8.05859
87 264 0 9.61065
87 298 0 35.5296
87 377 0 1.73625
87 378 0 1.95819
88 13 0 23.2819
88 14 0 9.80779
88 30 0 27.3669
88 73 0 27.3771
88 112 0 18.3191
88 117 0 6.34702
88 208 0 19.8643
88 237 0 41.8873
88 239 0 10.1962
88 314 0 27.6164
88 330 0 8.75086
88 335 0 7.80434
89 43 0 44.1031
89 44 0 15.9521
89 73 0 14.4678
89 78 0 17.1234
89 104 0 15.3249
89 131 0 14.9979
89 144 0 7.13848
89 207 0 19.5635
89 249 0 19.368
89 253 0 34.8061
89 344 0 9.91416
89 379 0 11.1122
89 383 0 3.63282
89 391 0 4.6089
89 397 0 1.61893
89 398 0 1.39429
90 6 0 16.419
90 19 0 26.0988
90 46 0 30.4197
90 84 0 12.0122
90 140 0 34.1024
90 143 0 19.5835
90 209 0 5.98545
90 279 0 39.1745
90 283 0 25.5266
90 376 0 12.9987
90 386 0 0.990616
90 398 0 3.83083
91 4 0 3.94569
91 28 0 8.35917
91 60 0 28.336
91 66 0 31.2556
91 74 0 14.0005
91 87 0 28.4756
91 173 0 32.9623
91 179 0 28.5948
91 183 0 19.1737
91 195 0 27.0285
91 199 0 28.7703
91 204 0 7.68451
91 246 0 20.1271
91 256 0 17.5349
91 313 0 17.8902
91 367 0 6.64147
91 373 0 4.85241
91 376 0 9.07921
91 395 0 1.78589
92 29 0 37.1453
92 37 0 10.9749
92 59 0 41.3614
92 90 0 4.56425
92 112 0 12.5622
92 152 0 13.1742
92 165 0 48.2019
92 188 0 18.8438
92 192 0 17.9843
92 196 0 17.786
92 284 0 5.74296
92 301 0 33.3891
92 321 0 9.36397
92 393 0 3.41458
92 394 0 0.991886
92 397 0 3.65642
93 16 0 5.76776
93 53 0 18.5326
93 66 0 18.8215
93 120 0 8.41769
93 176 0 17.0069
93 198 0 14.5462
93 206 0 22.9534
93 211 0 12.3423
93 285 0 11.2788
93 304 0 18.1442
93 347 0 12.5603
93 361 0 18.2002
93 384 0 2.59546
93 398 0 1.51055
94 9 0 19.9587
94 23 0 17.0643
94 154 0 21.389
94 201 0 23.9479
94 267 0 5.01777
94 294 0 13.3406
94 351 0 1.09337
94 354 0 11.1893
94 371 0 9.61788
94 396 0 1.83911
95 20 0 44.9185
95 44 0 34.9371
95 72 0 4.86531
95 90 0 15.8457
95 103 0 45.5151
95 129 0 21.9357
95 131 0 48.1999
95 138 0 1.77551
95 151 0 27.6621
95 173 0 37.4636
95 246 0 24.274
95 249 0 40.6573
95 266 0 24.6286
95 286 0 9.23945
95 318 0 29.1659
95 377 0 6.15859
95 381 0 9.85114
95 384 0 4.9905
95 397 0 0.512965
96 3 0 8.30646
96 5 0 10.5099
96 88 0 22.6466
96 90 0 34.3373
96 94 0 36.4166
96 100 0 15.1501
96 150 0 20.0126
96 163 0 30.165
96 175 0 31.9211
96 181 0 22.7142
96 198 0 16.4697
96 200 0 7.30042
96 224 0 24.0393
96 226 0 10.1034
96 246 0 27.9679
96 280 0 25.0747
96 292 0 16.8601
96 330 0 10.5899
96 349 0 12.4189
96 358 0 3.10302
96 363 0 10.2199
96 365 0 7.37424
96 382 0 4.84713
96 386 0 8.96456
96 396 0 1.15416
96 398 0 2.6243
97 1 0 12.3181
97 7 0 7.59037
97 21 0 14.6189
97 31 0 11.0359
97 93 0 25.581
97 99 0 28.5982
97 131 0 10.4526
97 132 0 12.9371
97 159 0 16.2904
97 263 0 16.5501
97 269 0 25.8739
97 290 0 27.3186
97 299 0 18.6995
97 312 0 22.0325
97 350 0 2.07855
97 364 0 20.7719
97 379 0 5.83809
97 381 0 11.7248
97 383 0 6.39324
97 391 0 2.54697
98 0 0 4.41843
98 47 0 19.4268
98 78 0 20.2955
98 106 0 18.6419
98 136 0 7.14208
98 159 0 22.7191
98 199 0 20.5101
98 209 0 21.7041
98 212 0 8.40523
98 223 0 43.0818
98 303 0 3.9435
98 306 0 8.5075
98 365 0 10.2582
98 381 0 3.42054
98 386 0 8.63813
98 393 0 0.414495
99 19 0 42.8399
99 26 0 25.957
99 50 0 23.036
99 65 0 19.9276
99 78 0 18.93
99 109 0 8.59042
99 111 0 24.4543
99 125 0 19.3184
99 171 0 29.7541
99 210 0 13.454
99 244 0 25.3176
99 289 0 25.8042
99 338 0 6.68634
99 372 0 6.89602
99 377 0 2.94202
99 398 0 1.88808
100 0 0 5.66327
100 72 0 22.4841
100 92 0 28.1687
100 160 0 41.2324
100 197 0 22.3664
100 285 0 14.3863
100 356 0 17.6546
100 363 0 18.1007
100 379 0 8.60234
100 397 0 2.49394
101 14 0 6.95825
101 54 0 33.3139
101 58 0 19.7174
101 87 0 10.0803
101 94 0 25.3769
101 126 0 29.8179
101 129 0 25.7308
101 201 0 10.7999
101 220 0 8.83355
101 226 0 26.0702
101 240 0 10.8277
101 264 0 20.047
101 290 0 2.45175
101 314 0 9.89373
101 334 0 12.878
101 341 0 9.2993
101 346 0 24.8646
101 396 0 2.72148
101 397 0 2.49092
102 23 0 3.99916
102 48 0 20.9134
102 75 0 22.7978
102 84 0 33.6101
102 100 0 8.42096
102 101 0 7.38817
102 116 0 15.694
102 117 0 41.3817
102 120 0 29.4414
102 134 0 17.6397
102 157 0 6.67013
102 181 0 14.3956
102 280 0 17.6683
102 306 0 15.5552
102 365 0 1.84701
103 89 0 32.8938
103 158 0 12.4039
103 191 0 48.4587
103 192 0 22.9103
103 277 0 26.0952
103 317 0 28.2702
103 341 0 9.60354
103 359 0 12.9588
103 379 0 3.76881
103 387 0 3.47508
103 393 0 2.98429
103 397 0 2.6686
104 0 0 10.3359
104 5 0 16.2924
104 16 0 12.2508
104 39 0 32.8154
104 136 0 12.3967
104 169 0 15.4313
104 170 0 24.4695
104 187 0 17.1311
104 203 0 16.0301
104 205 0 22.6327
104 212 0 13.7263
104 214 0 26.6713
104 225 0 8.47909
104 228 0 25.3484
104 247 0 36.8925
104 275 0 16.499
104 304 0 22.4393
104 314 0 18.9224
104 333 0 5.75374
104 364 0 7.84712
104 375 0 3.85988
104 388 0 6.82575
104 393 0 3.32621
104 398 0 0.5398
105 9 0 30.1984
105 14 0 18.8921
105 45 0 15.38
105 70 0 23.0986
105 90 0 22.2135
105 98 0 12.1514
105 114 0 12.9292
105 126 0 9.10306
105 137 0 11.0457
105 204 0 14.4244
105 208 0 13.1523
105 218 0 20.6575
105 235 0 26.3148
105 259 0 7.14244
105 294 0 37.3305
105 308 0 8.96523
105 381 0 3.01284
105 387 0 3.43588
105 393 0 2.10026
106 3 0 28.6456
106 14 0 11.6276
106 34 0 20.8063
106 44 0 27.4381
106 137 0 35.8262
106 165 0 19.9551
106 193 0 20.0073
106 196 0 22.4088
106 201 0 55.9232
106 206 0 14.092
106 221 0 54.1061
106 287 0 25.2214
106 291 0 54.802
106 295 0 38.1682
106 326 0 26.3877
106 351 0 20.0773
106 362 0 30.8546
106 368 0 9.86726
106 381 0 8.5165
106 388 0 2.29846
106 389 0 5.2048
106 392 0 4.49106
106 396 0 1.01189
107 17 0 29.1654
107 23 0 28.2016
107 25 0 24.3418
107 31 0 21.9684
107 75 0 31.9537
107 86 0 12.3131
107 87 0 21.9401
107 98 0 24.3304
107 100 0 15.2025
107 101 0 27.6552
107 223 0 20.0515
107 312 0 22.504
107 324 0 15.6501
107 326 0 17.5242
107 327 0 19.2055
107 349 0 24.756
107 376 0 2.73966
107 380 0 11.8624
107 397 0 2.07835
108 5 0 20.4003
108 11 0 32.8654
108 22 0 8.33834
108 28 0 19.5573
108 33 0 16.7436
108 60 0 7.55898
108 102 0 19.7452
108 179 0 26.3483
108 199 0 16.8282
108 217 0 23.6117
108 259 0 16.654
108 267 0 36.8128
108 337 0 13.3389
108 342 0 17.4114
108 363 0 12.4005
108 374 0 13.3551
108 385 0 5.1783
108 387 0 9.69707
108 388 0 7.22346
108 392 0 4.11793
108 395 0 2.70491
109 17 0 16.6064
109 43 0 17.5077
109 44 0 14.2261
109 91 0 34.0643
109 102 0 17.1572
109 131 0 14.4804
109 134 0 19.4365
109 141 0 17.729
109 161 0 19.3924
109 203 0 18.2963
109 216 0 8.08734
109 221 0 8.0294
109 357 0 16.7016
109 370 0 3.65659
109 387 0 5.59186
109 392 0 2.295
109 395 0 5.1934
110 32 0 29.0298
110 51 0 20.852
110 64 0 20.5729
110 69 0 10.6492
110 130 0 20.1284
110 218 0 38.6576
110 306 0 20.252
110 317 0 13.1337
110 334 0 16.8145
110 349 0 7.78478
110 370 0 12.2646
110 372 0 20.5234
110 384 0 5.12475
110 398 0 0.905861
111 3 0 20.1684
111 24 0 23.4199
111 30 0 36.3737
111 112 0 22.2571
111 140 0 33.626
111 146 0 23.3652
111 165 0 35.9024
111 185 0 39.2357
111 214 0 8.46215
111 246 0 47.1033
111 351 0 12.6306
111 377 0 3.95996
111 385 0 3.77456
111 388 0 7.72107
111 397 0 2.23641
111 398 0 2.75449
112 49 0 24.0868
112 53 0 30.1817
112 62 0 14.4012
112 168 0 26.7942
112 184 0 23.4091
112 199 0 30.0884
112 245 0 37.7566
112 279 0 24.4093
112 317 0 29.6356
112 337 0 29.712
112 344 0 19.8668
112 359 0 19.3159
112 397 0 4.25896
113 3 0 8.40313
113 33 0 38.5009
113 35 0 24.8597
113 76 0 6.09576
113 139 0 42.2041
113 180 0 12.2609
113 186 0 38.8757
113 199 0 23.3993
113 205 0 20.5736
113 221 0 17.6762
113 247 0 25.9586
113 260 0 7.56615
113 290 0 15.3737
113 319 0 35.6164
113 326 0 34.6248
113 362 0 7.14469
113 363 0 11.2172
113 367 0 9.39234
113 387 0 3.70572
114 5 0 8.25973
114 45 0 47.9129
114 75 0 29.0591
114 82 0 34.1086
114 116 0 15.2254
114 129 0 37.9207
114 156 0 15.7659
114 167 0 21.5104
114 197 0 30.5685
114 213 0 52.1206
114 220 0 31.2963
114 238 0 10.1149
114 252 0 23.2133
114 282 0 27.4325
114 312 0 18.1204
114 371 0 17.9519
114 375 0 18.2842
114 376 0 4.04875
114 392 0 3.51568
114 393 0 1.72708
114 396 0 0.883632
115 2 0 10.7986
115 5 0 33.64
115 39 0 17.6265
115 66 0 14.2798
115 113 0 8.30486
115 125 0 15.0589
115 165 0 23.8304
115 249 0 20.4033
115 253 0 31.164
115 288 0 19.8079
115 309 0 57.9826
115 321 0 13.7263
115 325 0 52.6223
115 368 0 5.23317
115 370 0 12.2399
115 379 0 8.69013
115 392 0 2.38558
115 394 0 1.47626
115 398 0 0.542862
116 1 0 17.4478
116 3 0 16.0238
116 5 0 18.0851
116 11 0 24.1319
116 162 0 44.0425
116 170 0 17.4664
116 200 0 11.4241
116 227 0 13.0565
116 232 0 25.9891
116 286 0 30.57
116 317 0 7.13316
116 362 0 22.7444
116 374 0 7.24849
116 384 0 9.80326
116 387 0 5.55338
116 388 0 2.51921
116 394 0 0.494822
116 397 0 2.98709
116 398 0 2.81768
117 5 0 15.1898
117 56 0 49.7542
117 83 0 24.0452
117 120 0 25.987
117 130 0 16.253
117 134 0 38.0898
117 143 0 23.5593
117 155 0 18.5387
117 171 0 16.512
117 173 0 15.9668
117 183 0 39.3312
117 204 0 28.8231
117 307 0 10.3788
117 321 0 16.9463
117 353 0 26.7835
117 395 0 4.14755
118 0 0 24.0592
118 16 0 23.583
118 18 0 9.88675
118 34 0 33.3782
118 54 0 37.1755
118 63 0 29.092
118 87 0 51.7247
118 126 0 32.9212
118 215 0 43.1082
118 256 0 6.785
118 302 0 19.5873
118 305 0 27.8208
118 344 0 13.5866
118 377 0 3.21168
118 378 0 2.55851
118 381 0 6.00538
118 383 0 6.01612
118 384 0 7.81365
118 394 0 2.24747
119 6 0 11.1516
119 18 0 12.648
119 48 0 11.2061
119 49 0 11.572
119 51 0 32.176
119 58 0 4.8868
119 66 0 7.02766
119 73 0 26.8449
119 78 0 25.0474
119 137 0 50.8012
119 141 0 9.91455
119 152 0 48.4572
119 170 0 21.1152
119 172 0 3.43438
119 186 0 35.8396
119 203 0 11.7601
119 216 0 27.6557
119 219 0 9.82925
119 224 0 9.88073
119 268 0 20.6372
119 314 0 30.1557
119 341 0 6.58563
119 350 0 19.2028
119 351 0 13.9927
119 372 0 8.62445
119 387 0 5.24915
119 397 0 0.479839
119 398 0 1.99744
120 20 0 19.4147
120 42 0 28.7148
120 75 0 29.0922
120 114 0 29.452
120 196 0 18.4755
120 208 0 48.3519
120 246 0 14.8069
120 265 0 26.4042
120 289 0 13.0979
120 315 0 6.49945
120 361 0 18.8044
120 390 0 2.11236
120 391 0 0.637455
121 2 0 38.0089
121 3 0 22.8242
121 29 0 16.4028
121 48 0 17.1122
121 49 0 20.1781
121 114 0 22.2751
121 149 0 24.8618
121 192 0 22.529
121 194 0 28.8904
121 315 0 14.728
121 316 0 6.9078
121 328 0 15.9179
121 364 0 7.32012
121 379 0 8.87433
121 385 0 3.13219
121 389 0 2.43236
121 397 0 2.71605
122 3 0 25.4957
122 22 0 10.4852
122 81 0 40.3349
122 143 0 21.5316
122 154 0 33.2157
122 167 0 20.0906
122 220 0 26.0365
122 223 0 17.2674
122 251 0 37.7639
122 286 0 24.6523
122 344 0 7.55631
122 380 0 5.19791
122 381 0 8.82266
122 384 0 7.19791
122 394 0 1.63599
122 397 0 2.69085
123 5 0 22.8112
123 119 0 19.8834
123 121 0 25.4439
123 130 0 23.5532
123 142 0 7.43529
123 146 0 31.7089
123 197 0 43.8073
123 253 0 46.2968
123 262 0 27.2812
123 278 0 11.1024
123 284 0 23.8717
123 295 0 23.3812
123 303 0 10.3513
123 334 0 6.41113
123 348 0 26.5313
123 383 0 2.22687
123 388 0 2.6731
123 395 0 5.30152
124 5 0 2.31985
124 13 0 23.3421
124 41 0 28.9256
124 48 0 5.03264
124 69 0 9.17387
124 123 0 39.9941
124 146 0 18.6312
124 169 0 52.4833
124 244 0 13.0195
124 254 0 20.617
124 271 0 13.1407
124 273 0 20.7522
124 278 0 11.3319
124 296 0 23.3075
124 303 0 15.3309
124 305 0 0.948654
124 307 0 10.7699
124 318 0 16.0043
124 365 0 12.9198
124 379 0 5.55599
124 386 0 11.5267
124 387 0 2.84397
124 393 0 4.47903
124 397 0 3.34121
125 32 0 33.3946
125 37 0 18.8788
125 140 0 12.2646
125 151 0 28.5363
125 166 0 18.931
125 265 0 9.20714
125 270 0 15.9948
125 272 0 22.0516
125 329 0 5.6808
125 393 0 1.07896
125 396 0 6.60519
126 34 0 26.5322
126 50 0 15.706
126 65 0 40.2199
126 113 0 11.9862
126 214 0 29.0753
126 220 0 17.3934
126 236 0 24.117
126 243 0 11.3528
126 285 0 27.759
126 338 0 13.5274
126 366 0 14.96
126 376 0 7.08287
126 393 0 2.55736
126 395 0 3.37973
126 397 0 0.872214
127 2 0 14.0338
127 36 0 15.8062
127 60 0 23.2048
127 76 0 26.429
127 82 0 5.10376
127 95 0 15.5757
127 106 0 5.06452
127 120 0 36.6059
127 126 0 30.8707
127 145 0 22.2779
127 170 0 9.27332
127 304 0 5.83177
127 324 0 4.91129
127 391 0 2.36772
127 393 0 1.66545
127 394 0 2.15457
128 2 0 11.6487
128 60 0 2.89532
128 87 0 13.7949
128 88 0 9.54913
128 97 0 19.6646
128 121 0 29.8566
128 160 0 29.5705
128 188 0 14.2131
128 203 0 26.9477
128 245 0 32.5313
128 257 0 5.16317
128 258 0 13.6611
128 293 0 7.12963
128 319 0 20.6355
128 325 0 13.6626
128 367 0 10.6274
128 371 0 17.7686
128 378 0 16.6183
128 380 0 5.06751
128 382 0 5.84401
128 388 0 3.50628
128 398 0 0.727634
129 21 0 21.4457
129 23 0 8.82475
129 28 0 7.22041
129 51 0 26.3089
129 112 0 18.5554
129 167 0 5.72915
129 219 0 14.308
129 277 0 15.9891
129 356 0 25.1955
129 371 0 9.67302
129 389 0 2.95282
129 390 0 0.465297
129 397 0 1.76936
129 398 0 0.680258
130 7 0 16.5393
130 74 0 33.0153
130 100 0 8.59048
130 123 0 25.1665
130 204 0 15.6531
130 208 0 33.8729
130 220 0 9.60824
130 225 0 24.4582
130 242 0 23.9
130 253 0 41.4579
130 273 0 8.40795
130 275 0 48.485
130 307 0 28.8479
130 309 0 12.4673
130 334 0 19.0362
130 342 0 13.4726
130 345 0 11.2935
130 364 0 3.55362
130 397 0 2.84175
131 6 0 22.9008
131 40 0 11.497
131 85 0 11.3997
131 89 0 8.27149
131 156 0 29.7719
131 223 0 16.6578
131 225 0 28.3877
131 244 0 25.1132
131 257 0 17.9246
131 276 0 5.75278
131 277 0 35.3695
131 300 0 46.2661
131 307 0 27.4309
131 322 0 25.0488
131 358 0 19.2924
131 363 0 13.752
131 365 0 0.88567
131 389 0 1.60153
131 390 0 6.19989
131 398 0 1.88354
132 0 0 1.65488
132 18 0 6.57449
132 24 0 8.22954
132 34 0 20.3714
132 54 0 18.2622
132 63 0 7.30843
132 92 0 21.2103
132 117 0 29.3725
132 124 0 14.0413
132 144 0 31.1426
132 163 0 9.28492
132 202 0 32.0964
132 214 0 19.3284
132 224 0 11.9314
132 226 0 42.994
132 241 0 4.35811
132 260 0 9.37594
132 288 0 28.9665
132 291 0 9.46263
132 296 0 5.62728
132 303 0 7.97874
132 307 0 23.4702
132 363 0 11.6654
132 377 0 2.39577
132 389 0 9.40571
133 9 0 7.19987
133 16 0 25.6561
133 17 0 25.7113
133 19 0 20.2841
133 29 0 25.868
133 30 0 9.35278
133 83 0 14.8428
133 106 0 24.5156
133 140 0 4.37461
133 143 0 31.1576
133 192 0 29.7741
133 236 0 11.7444
133 250 0 8.42804
133 333 0 6.22612
133 390 0 5.2159
133 398 0 1.29584
134 0 0 8.14929
134 4 0 31.6643
134 5 0 16.6976
134 19 0 31.6243
134 65 0 15.1832
134 113 0 5.34357
134 154 0 32.6631
134 240 0 18.7289
134 265 0 24.0072
134 274 0 8.0203
134 377 0 18.2429
134 379 0 1.85801
134 382 0 9.97373
134 386 0 3.63238
135 4 0 13.5581
135 28 0 25.1382
135 138 0 19.0697
135 145 0 15.5735
135 186 0 29.0079
135 197 0 26.0048
135 204 0 14.5172
135 217 0 22.7274
135 295 0 39.3
135 302 0 29.1543
135 309 0 27.0479
135 315 0 7.63895
135 342 0 16.6819
135 351 0 18.8971
135 376 0 8.11965
135 383 0 0.994135
135 385 0 2.01937
135 389 0 4.15409
135 398 0 1.04037
136 17 0 11.5393
136 31 0 10.9091
136 55 0 24.6732
136 125 0 19.0836
136 132 0 32.0576
136 140 0 4.16611
136 145 0 36.1782
136 186 0 36.5635
136 191 0 16.1971
136 203 0 33.1238
136 242 0 21.9227
136 248 0 31.6543
136 257 0 19.6202
136 287 0 19.3247
136 305 0 51.5121
136 307 0 48.2119
136 331 0 20.3942
136 340 0 13.1138
136 356 0 23.3567
136 372 0 15.4856
136 382 0 13.2993
136 389 0 4.48611
136 392 0 4.99983
137 28 0 29.4331
137 62 0 28.5014
137 148 0 20.609
137 181 0 4.93877
137 200 0 19.4755
137 219 0 47.6453
137 260 0 21.5299
137 285 0 27.0327
137 307 0 24.9414
137 329 0 7.15882
137 374 0 5.96248
137 389 0 1.18557
137 397 0 2.47406
138 43 0 25.1704
138 49 0 8.19359
138 78 0 31.7472
138 89 0 7.49061
138 169 0 14.5369
138 171 0 14.3071
138 191 0 55.51
138 194 0 10.1552
138 195 0 34.4901
138 237 0 12.0886
138 266 0 34.8073
138 274 0 21.1329
138 304 0 5.61424
138 362 0 13.4611
138 379 0 3.58167
138 390 0 1.57982
138 395 0 5.05213
139 0 0 17.0277
139 16 0 33.9167
139 31 0 23.5225
139 81 0 17.3123
139 85 0 4.40744
139 109 0 38.4367
139 110 0 17.3775
139 112 0 23.4581
139 150 0 42.5225
139 180 0 28.7718
139 226 0 16.3643
139 292 0 16.9872
139 306 0 33.5591
139 337 0 9.80501
139 359 0 14.7527
139 363 0 5.28656
139 372 0 6.93158
139 380 0 5.9205
139 393 0 1.73349
139 397 0 0.524656
140 5 0 17.4484
140 28 0 6.76009
140 64 0 37.5218
140 80 0 43.9306
140 122 0 5.30972
140 134 0 28.465
140 271 0 8.99976
140 318 0 17.0318
140 328 0 20.599
140 349 0 24.2885
140 364 0 5.03269
140 387 0 2.95998
140 389 0 5.87222
140 397 0 3.66315
141 14 0 16.7899
141 90 0 12.3627
141 144 0 12.546
141 248 0 38.0442
141 249 0 34.8668
141 251 0 26.4816
141 335 0 24.2831
141 351 0 13.0435
141 361 0 18.1221
141 365 0 3.55081
141 374 0 13.5071
141 381 0 1.07367
141 391 0 1.73838
141 393 0 1.77743
141 394 0 1.62281
142 9 0 22.6911
142 15 0 29.0314
142 17 0 17.9091
142 61 0 20.5082
142 166 0 6.98185
142 194 0 7.83751
142 218 0 17.0857
142 224 0 28.4573
142 225 0 19.1288
142 264 0 16.1048
142 309 0 38.8441
142 354 0 2.11385
142 362 0 14.4798
142 390 0 1.48292
142 392 0 2.59368
142 393 0 1.35719
143 4 0 23.9154
143 9 0 20.7648
143 62 0 43.1583
143 86 0 7.41685
143 116 0 18.0119
143 162 0 28.8706
143 208 0 18.2997
143 242 0 16.2658
143 269 0 38.8064
143 275 0 25.9607
143 319 0 16.0253
143 324 0 19.2336
143 337 0 24.5272
143 353 0 16.3624
143 392 0 0.419075
143 398 0 1.63653
144 6 0 13.9658
144 38 0 10.094
144 62 0 27.9005
144 73 0 10.5443
144 80 0 11.0085
144 106 0 29.4266
144 111 0 28.4109
144 162 0 32.4746
144 180 0 12.7387
144 184 0 30.4985
144 203 0 3.42758
144 211 0 22.5621
144 255 0 19.8124
144 256 0 7.01209
144 257 0 24.6544
144 265 0 13.8209
144 289 0 6.79567
144 339 0 5.79981
144 368 0 9.11984
144 382 0 2.32854
144 395 0 0.706346
144 397 0 1.40152
144 398 0 0.615587
145 3 0 15.4591
145 12 0 9.1192
145 23 0 21.9921
145 71 0 17.3072
145 170 0 5.01421
145 178 0 10.5297
145 193 0 24.1466
145 239 0 15.853
145 298 0 7.14299
145 312 0 3.94533
145 326 0 24.0996
145 395 0 1.81221
146 0 0 28.1637
146 34 0 29.3705
146 135 0 33.6173
146 137 0 24.5097
146 163 0 26.8881
146 165 0 25.9233
146 227 0 27.2006
146 234 0 19.8757
146 248 0 1.78902
146 261 0 23.1831
146 279 0 12.4731
146 382 0 17.6561
146 385 0 3.4681
146 396 0 1.74639
146 398 0 3.32726
147 15 0 8.96831
147 43 0 37.7964
147 66 0 16.2273
147 82 0 32.529
147 97 0 18.5709
147 137 0 38.4734
147 185 0 27.0772
147 328 0 17.5351
147 329 0 17.2749
147 346 0 25.5871
147 368 0 6.47318
147 374 0 5.18435
147 382 0 3.89473
147 383 0 5.20623
147 385 0 2.55917
147 387 0 2.50174
147 388 0 3.11852
147 389 0 2.75284
147 394 0 3.53211
147 396 0 1.4939
148 4 0 16.6989
148 18 0 20.5811
148 66 0 20.7689
148 147 0 42.9883
148 215 0 18.0069
148 224 0 30.5826
148 285 0 48.5157
148 301 0 27.0117
148 353 0 15.7048
148 360 0 8.56853
148 371 0 11.8677
148 384 0 6.42107
148 385 0 5.05397
148 390 0 1.94131
148 397 0 8.08156
148 398 0 0.546714
149 12 0 5.09835
149 23 0 27.0822
149 48 0 43.947
149 112 0 20.3715
149 119 0 16.562
149 131 0 29.7455
149 171 0 14.4835
149 230 0 54.6671
149 240 0 19.9384
149 276 0 26.6228
149 291 0 12.4569
149 296 0 42.7095
149 326 0 14.0266
149 349 0 9.03485
149 379 0 8.17226
149 381 0 8.5375
149 386 0 4.48976
149 390 0 2.77177
150 1 0 20.1488
150 28 0 6.17476
150 35 0 19.9655
150 54 0 23.7627
150 88 0 23.2065
150 104 0 19.6822
150 157 0 30.0328
150 163 0 7.43152
150 202 0 34.6373
150 213 0 21.341
150 266 0 10.229
150 269 0 32.3164
150 279 0 12.682
150 303 0 1.13498
150 314 0 6.46172
150 340 0 16.9659
150 366 0 12.0265
150 387 0 7.94337
150 391 0 4.39568
150 395 0 4.06623
150 398 0 4.05352
151 42 0 10.8548
151 52 0 21.7344
151 67 0 14.3589
151 91 0 27.2019
151 130 0 39.8725
151 163 0 25.3025
151 198 0 21.7994
151 203 0 26.1102
151 211 0 36.3257
151 212 0 39.9374
151 246 0 31.4341
151 256 0 21.6764
151 266 0 14.7039
151 288 0 30.1781
151 304 0 22.2682
151 310 0 25.8043
151 334 0 24.1977
151 348 0 22.0397
151 362 0 18.4019
151 394 0 3.12897
151 396 0 3.15002
152 4 0 16.8326
152 12 0 15.5393
152 22 0 15.7592
152 73 0 11.6633
152 84 0 26.4617
152 92 0 8.29804
152 115 0 6.81601
152 149 0 22.7369
152 160 0 1.36385
152 175 0 20.2568
152 186 0 5.53714
152 191 0 20.7184
152 208 0 42.1522
152 215 0 5.63794
152 228 0 30.1094
152 300 0 26.9098
152 346 0 15.6895
152 350 0 14.0866
152 360 0 10.7103
152 393 0 0.554275
153 145 0 12.6541
153 179 0 23.6777
153 192 0 23.605
153 196 0 17.9261
153 226 0 48.9904
153 248 0 22.8428
153 272 0 19.278
153 289 0 18.9589
153 296 0 10.8358
153 347 0 8.79988
153 352 0 16.9918
153 379 0 6.35515
153 389 0 7.15227
153 391 0 5.10971
153 395 0 2.43068
153 397 0 2.44101
154 0 0 25.905
154 9 0 25.6749
154 108 0 35.3986
154 112 0 29.2293
154 117 0 4.9577
154 120 0 13.8561
154 155 0 17.7522
154 184 0 27.226
154 202 0 33.1484
154 221 0 58.8119
154 227 0 10.7643
154 233 0 12.8054
154 298 0 30.6996
154 364 0 5.88717
154 381 0 14.4115
154 382 0 6.18724
154 387 0 1.19876
154 388 0 1.8196
154 389 0 6.33904
154 393 0 0.894307
154 394 0 2.35366
154 395 0 0.999017
154 396 0 1.58036
154 398 0 0.581511
155 23 0 12.9166
155 27 0 14.6287
155 41 0 11.6583
155 144 0 23.3327
155 151 0 34.8385
155 173 0 24.6886
155 189 0 21.6497
155 196 0 21.0275
155 200 0 11.2996
155 239 0 4.93626
155 253 0 36.6141
155 264 0 16.5959
155 312 0 3.46964
155 321 0 28.9369
155 327 0 29.4179
155 338 0 13.076
155 360 0 9.30551
155 384 0 9.57723
155 388 0 1.76243
155 392 0 4.35183
155 394 0 0.575889
155 395 0 4.12234
156 10 0 20.98
156 12 0 18.7759
156 24 0 28.6492
156 29 0 18.7302
156 34 0 10.1532
156 76 0 17.422
156 88 0 23.8185
156 104 0 37.1435
156 106 0 25.6211
156 137 0 13.3333
156 140 0 25.9672
156 162 0 14.2065
156 170 0 38.7108
156 221 0 7.21475
156 290 0 30.2024
156 324 0 24.5103
156 348 0 14.7256
156 354 0 19.9521
156 363 0 9.15303
156 364 0 23.0031
156 390 0 3.20815
156 394 0 3.02544
157 20 0 11.1241
157 27 0 21.3254
157 29 0 20.0957
157 48 0 6.80492
157 75 0 26.6891
157 91 0 15.3919
157 117 0 15.8022
157 119 0 27.455
157 152 0 24.3056
157 176 0 20.4933
157 192 0 8.50637
157 214 0 28.5454
157 215 0 15.2304
157 376 0 15.2556
157 377 0 19.3883
157 391 0 4.2544
157 394 0 1.53936
157 398 0 3.36855
158 4 0 15.2528
158 63 0 30.9471
158 65 0 25.7227
158 100 0 28.5275
158 126 0 1.43198
158 205 0 9.61068
158 318 0 17.7074
158 321 0 34.1487
158 349 0 12.6745
158 351 0 8.1791
158 368 0 6.28368
158 394 0 4.45598
158 395 0 1.92784
158 396 0 2.02151
159 10 0 10.069
159 19 0 15.79
159 118 0 7.04057
159 127 0 14.4757
159 161 0 6.49552
159 203 0 26.2087
159 217 0 24.2771
159 264 0 28.9867
159 306 0 20.1724
159 344 0 6.10019
159 380 0 1.86291
159 386 0 7.76225
159 391 0 2.2412
160 3 0 19.517
160 43 0 44.8036
160 112 0 10.6712
160 128 0 16.4191
160 150 0 11.2827
160 173 0 15.113
160 238 0 15.7081
160 248 0 25.7718
160 293 0 14.0222
160 317 0 21.3438
160 375 0 2.73593
160 378 0 3.69459
160 383 0 4.87015
160 395 0 3.38488
161 2 0 5.18771
161 3 0 10.1218
161 22 0 11.9445
161 92 0 4.8115
161 116 0 3.88085
161 123 0 39.4641
161 142 0 19.9417
161 193 0 7.01315
161 209 0 17.6542
161 215 0 23.62
161 218 0 5.50957
161 234 0 29.1961
161 281 0 4.8491
161 283 0 2.6762
161 315 0 46.6382
161 340 0 19.827
161 350 0 5.07313
161 375 0 19.7768
161 379 0 12.9821
161 380 0 0.844766
161 383 0 8.53654
161 390 0 2.95045
161 397 0 0.595119
161 398 0 1.32915
162 3 0 22.0246
162 9 0 7.05083
162 42 0 23.8902
162 74 0 17.988
162 101 0 11.1083
162 115 0 20.811
162 129 0 35.3017
162 142 0 31.1297
162 144 0 37.7295
162 186 0 20.6461
162 220 0 11.8826
162 263 0 21.2177
162 294 0 21.0148
162 299 0 35.3529
162 309 0 14.8369
162 334 0 33.0053
163 0 0 16.9485
163 12 0 27.4313
163 59 0 23.0307
163 75 0 2.9762
163 112 0 11.134
163 126 0 14.6626
163 136 0 21.6829
163 147 0 5.83417
163 155 0 12.0193
163 245 0 13.6561
163 307 0 15.9943
163 331 0 39.6877
163 347 0 12.6327
163 349 0 10.1809
163 360 0 7.29474
163 370 0 11.2893
163 397 0 4.32427
164 9 0 10.2972
164 23 0 17.9118
164 58 0 25.6626
164 110 0 48.822
164 140 0 13.3193
164 160 0 10.755
164 167 0 24.1464
164 198 0 6.05994
164 213 0 1.36867
164 224 0 38.6514
164 260 0 24.5913
164 299 0 23.4956
164 308 0 22.4181
164 329 0 18.3808
164 347 0 33.7234
164 351 0 8.99314
164 360 0 8.46928
164 361 0 17.3551
164 366 0 2.36311
164 368 0 3.57619
164 375 0 4.61467
164 390 0 4.06298
164 394 0 2.0032
165 14 0 16.086
165 53 0 23.2887
165 94 0 19.3356
165 107 0 12.4629
165 115 0 18.1734
165 153 0 25.4679
165 182 0 24.1931
165 279 0 14.7283
165 338 0 4.98032
165 342 0 32.9369
165 345 0 26.182
165 381 0 5.42252
165 387 0 9.52367
165 394 0 3.0795
165 395 0 5.18602
165 397 0 1.21204
165 398 0 1.30817
166 0 0 7.45154
166 1 0 16.0189
166 10 0 24.51
166 107 0 19.9065
166 145 0 28.2121
166 151 0 16.0293
166 160 0 32.4999
166 216 0 25.638
166 286 0 26.8926
166 287 0 42.3201
166 375 0 4.25199
166 376 0 13.0252
166 384 0 10.8251
166 396 0 2.8596
167 45 0 10.2236
167 58 0 12.9367
167 72 0 21.2572
167 77 0 30.993
167 114 0 43.8277
167 156 0 18.3089
167 296 0 15.7402
167 359 0 10.5864
167 363 0 11.2157
167 374 0 9.75629
167 377 0 1.44614
167 383 0 5.59255
167 387 0 4.86934
167 388 0 9.48557
167 389 0 4.82441
168 10 0 18.6375
168 11 0 4.54439
168 54 0 11.5654
168 71 0 22.0052
168 89 0 23.1372
168 113 0 12.3425
168 163 0 20.1556
168 213 0 32.4462
168 277 0 15.36
168 280 0 19.0008
168 314 0 24.8815
168 334 0 3.64448
168 354 0 6.15971
168 361 0 17.6028
168 368 0 6.43791
168 388 0 7.39208
168 389 0 5.32299
168 394 0 2.72409
168 395 0 1.88996
168 396 0 4.49022
169 17 0 8.80609
169 21 0 14.1605
169 45 0 17.9835
169 67 0 30.8915
169 79 0 10.1997
169 139 0 28.4099
169 155 0 23.3335
169 171 0 20.1217
169 194 0 8.89727
169 217 0 12.3381
169 233 0 3.53713
169 234 0 6.9655
169 251 0 40.0083
169 284 0 13.9024
169 295 0 20.156
169 330 0 20.5504
169 359 0 22.1857
169 364 0 13.2034
169 368 0 17.9417
169 384 0 10.8013
169 398 0 1.45935
170 12 0 21.1139
170 63 0 15.6641
170 69 0 38.8114
170 99 0 6.38726
170 103 0 3.66418
170 121 0 22.2362
170 137 0 22.6027
170 177 0 55.7765
170 207 0 6.68238
170 256 0 10.8882
170 272 0 23.0261
170 279 0 29.3472
170 287 0 3.90597
170 288 0 46.3391
170 317 0 13.8872
170 320 0 25.678
170 325 0 4.5886
170 327 0 17.8063
170 389 0 3.24831
170 394 0 1.9104
170 398 0 1.18935
171 112 0 11.1473
171 197 0 26.7612
171 237 0 8.85213
171 274 0 35.9828
171 296 0 23.1859
171 301 0 16.0782
171 343 0 32.2824
171 358 0 17.3631
171 367 0 5.94145
171 395 0 0.593092
171 398 0 0.803517
172 11 0 16.2007
172 32 0 8.28443
172 57 0 20.437
172 72 0 26.7931
172 94 0 19.9004
172 154 0 27.3503
172 177 0 25.8772
172 191 0 30.8352
172 216 0 34.409
172 320 0 43.515
172 322 0 8.2752
172 335 0 39.1768
172 366 0 17.5645
172 372 0 16.5504
172 393 0 1.82414
172 395 0 0.409285
172 397 0 2.06148
173 5 0 26.4822
173 94 0 2.46543
173 132 0 35.5196
173 138 0 30.5268
173 142 0 40.9718
173 163 0 8.3627
173 194 0 21.6664
173 213 0 13.5271
173 231 0 26.1605
173 259 0 32.5462
173 284 0 30.6021
173 309 0 13.3273
173 359 0 19.3027
173 370 0 5.35856
173 379 0 15.0593
173 384 0 4.72586
173 387 0 0.723474
173 393 0 3.18333
173 398 0 1.46193
174 10 0 6.10228
174 21 0 8.92187
174 111 0 3.86673
174 122 0 10.105
174 130 0 1.78054
174 135 0 12.8172
174 150 0 27.192
174 186 0 29.4207
174 213 0 29.502
174 214 0 21.4295
174 234 0 38.1744
174 247 0 16.6194
174 295 0 13.6613
174 320 0 16.5161
174 324 0 16.9998
174 330 0 33.351
174 373 0 16.1471
174 382 0 5.90425
174 384 0 5.8441
174 396 0 6.32552
174 397 0 3.0488
175 2 0 24.6547
175 17 0 8.97658
175 35 0 17.7029
175 62 0 25.6095
175 89 0 36.9409
175 128 0 4.75312
175 139 0 4.06039
175 140 0 26.8413
175 205 0 31.5872
175 267 0 13.154
175 281 0 20.2512
175 309 0 27.5873
175 337 0 35.5981
175 346 0 18.3807
175 362 0 7.9347
175 388 0 4.42454
175 391 0 1.6595
175 396 0 4.15499
175 398 0 1.22273
176 8 0 7.01276
176 11 0 31.632
176 16 0 15.4457
176 71 0 28.4413
176 80 0 49.9493
176 133 0 44.6388
176 166 0 30.3187
176 184 0 21.9769
176 196 0 16.0855
176 207 0 18.4921
176 256 0 20.0789
176 268 0 23.4964
176 269 0 24.9603
176 280 0 29.4643
176 281 0 21.9829
176 284 0 24.8676
176 321 0 17.8159
176 326 0 10.1814
176 334 0 16.6699
176 358 0 10.1569
176 374 0 7.26469
176 389 0 3.9382
176 397 0 4.0025
177 15 0 23.5556
177 17 0 16.0849
177 36 0 28.0546
177 79 0 6.77366
177 99 0 31.3539
177 136 0 16.4722
177 182 0 18.83
177 213 0 22.4189
177 218 0 31.6698
177 227 0 18.857
177 229 0 38.4325
177 306 0 3.12828
177 316 0 36.3667
177 325 0 11.181
177 351 0 24.3857
177 365 0 15.0558
177 376 0 7.50445
177 384 0 11.5376
177 395 0 1.45788
177 396 0 0.671378
177 398 0 4.7022
178 12 0 21.7815
178 41 0 14.6288
178 126 0 3.99953
178 135 0 7.40678
178 139 0 17.7327
178 174 0 20.4901
178 176 0 12.691
178 192 0 38.7272
178 238 0 20.3198
178 243 0 57.7718
178 321 0 24.6819
178 325 0 3.72401
178 342 0 22.1072
178 356 0 1.45567
178 374 0 7.26765
178 383 0 3.25394
178 388 0 3.29409
178 390 0 6.43854
178 396 0 2.72343
179 20 0 20.8362
179 27 0 22.1313
179 63 0 19.0301
179 81 0 28.4925
179 87 0 29.3237
179 109 0 11.5081
179 164 0 29.0298
179 177 0 23.8648
179 192 0 13.8258
179 199 0 14.0335
179 201 0 6.60783
179 205 0 15.1525
179 216 0 17.031
179 255 0 16.2474
179 325 0 20.2614
179 350 0 32.501
179 352 0 7.2273
179 354 0 3.09998
179 384 0 10.7287
179 393 0 0.697625
179 394 0 2.31114
179 395 0 5.58533
180 4 0 20.3963
180 24 0 19.5563
180 40 0 3.18906
180 46 0 42.0172
180 217 0 8.73367
180 355 0 15.2187
180 376 0 7.49372
180 389 0 9.45727
180 396 0 1.02868
181 3 0 8.9823
181 6 0 17.7816
181 34 0 6.95053
181 150 0 20.8589
181 182 0 7.46103
181 187 0 19.3285
181 237 0 24.1343
181 240 0 26.9271
181 244 0 16.2071
181 292 0 24.7519
181 293 0 12.9099
181 302 0 9.51393
181 316 0 40.4936
181 349 0 11.6984
181 361 0 18.1469
181 382 0 10.3247
181 396 0 1.63454
182 3 0 3.52711
182 58 0 21.8222
182 87 0 10.2744
182 134 0 11.9456
182 139 0 30.3394
182 183 0 16.7163
182 301 0 11.5452
182 312 0 12.1554
182 325 0 18.2263
182 334 0 10.9535
182 353 0 10.1672
182 363 0 10.5877
182 367 0 15.4651
182 369 0 3.76146
182 372 0 4.63466
182 378 0 16.1648
183 5 0 13.3828
183 75 0 15.3798
183 155 0 13.1737
183 165 0 4.4238
183 169 0 18.0909
183 174 0 6.76675
183 180 0 23.537
183 291 0 15.3719
183 300 0 29.2698
183 347 0 24.0145
183 348 0 11.6432
183 365 0 26.7914
183 381 0 11.1163
183 385 0 1.07506
183 386 0 4.96355
183 390 0 7.99666
184 31 0 2.80846
184 49 0 34.9705
184 50 0 19.0474
184 127 0 24.4192
184 140 0 18.975
184 143 0 6.39129
184 145 0 9.69457
184 160 0 5.70991
184 177 0 11.0784
184 203 0 13.8328
184 226 0 23.9779
184 267 0 19.7557
184 278 0 5.25514
184 362 0 4.91139
184 363 0 22.744
184 382 0 5.19869
184 386 0 2.37879
184 388 0 0.905969
185 1 0 9.88197
185 4 0 1.82774
185 6 0 20.4791
185 58 0 17.74
185 72 0 12.9828
185 91 0 27.2476
185 111 0 20.8457
185 135 0 9.14223
185 142 0 29.0103
185 175 0 50.044
185 185 0 19.3702
185 196 0 10.6262
185 215 0 37.524
185 237 0 44.9048
185 246 0 6.06016
185 280 0 9.97897
185 325 0 11.8623
185 326 0 22.8747
185 341 0 18.294
185 357 0 29.9023
185 380 0 15.2212
185 388 0 6.86818
185 395 0 1.69077
185 396 0 3.62178
186 5 0 17.9503
186 25 0 27.1214
186 32 0 37.0296
186 36 0 32.9207
186 43 0 16.1608
186 59 0 10.98
186 84 0 7.88448
186 125 0 7.86884
186 140 0 20.3952
186 152 0 18.1728
186 189 0 17.6432
186 371 0 12.794
186 373 0 14.753
186 375 0 13.3464
186 383 0 8.99789
186 392 0 6.69501
186 395 0 2.50696
187 6 0 24.4265
187 7 0 18.2779
187 11 0 22.7891
187 23 0 21.056
187 93 0 13.6194
187 108 0 36.4731
187 142 0 19.6725
187 159 0 3.59503
187 165 0 39.0238
187 181 0 17.7613
187 182 0 29.9175
187 198 0 32.1636
187 207 0 12.5351
187 225 0 5.55748
187 265 0 36.6867
187 284 0 19.1478
187 320 0 14.9273
187 323 0 18.1515
187 378 0 15.0308
187 383 0 5.41646
187 398 0 2.3655
188 55 0 47.5685
188 64 0 13.0674
188 80 0 24.3393
188 102 0 26.4536
188 262 0 21.9363
188 275 0 32.7316
188 368 0 8.25856
188 395 0 4.16232
188 398 0 5.62641
189 14 0 24.0673
189 38 0 21.2649
189 73 0 16.8271
189 83 0 10.9796
189 100 0 44.6087
189 105 0 6.12678
189 113 0 18.3776
189 192 0 13.9392
189 238 0 38.5887
189 273 0 22.2192
189 280 0 9.95922
189 282 0 10.136
189 333 0 7.33176
189 350 0 4.77598
189 383 0 4.81651
189 386 0 5.96945
189 397 0 1.74996
190 38 0 23.9891
190 49 0 14.5176
190 52 0 20.8354
190 68 0 10.0082
190 81 0 37.3424
190 96 0 13.6602
190 102 0 39.7546
190 115 0 7.89658
190 133 0 29.6213
190 174 0 21.5903
190 200 0 56.8756
190 236 0 14.2769
190 259 0 7.00512
190 268 0 10.2446
190 306 0 32.9138
190 351 0 11.1929
190 365 0 9.89066
190 368 0 6.88091
190 380 0 6.4349
190 383 0 6.59318
190 392 0 0.860353
190 394 0 3.44459
190 395 0 1.30942
190 398 0 1.05749
191 35 0 27.3885
191 81 0 6.48897
191 113 0 50.5137
191 126 0 23.0708
191 145 0 14.9208
191 166 0 14.3332
191 220 0 5.1639
191 222 0 8.85591
191 279 0 33.7202
191 285 0 9.53847
191 320 0 14.1807
191 393 0 1.60337
192 8 0 14.8961
192 113 0 19.7433
192 133 0 31.7213
192 150 0 49.9591
192 177 0 19.1069
192 208 0 17.5542
192 240 0 20.7412
192 253 0 6.39632
192 285 0 30.9059
192 332 0 29.4953
192 334 0 3.30737
192 371 0 5.82749
192 392 0 3.51445
192 395 0 1.62759
192 397 0 4.49775
192 398 0 3.99727
193 0 0 3.78519
193 26 0 10.8467
193 80 0 31.1086
193 106 0 38.2392
193 136 0 40.8454
193 152 0 3.55279
193 175 0 24.4377
193 197 0 44.5959
193 249 0 10.2758
193 257 0 13.5838
193 305 0 24.6758
193 313 0 11.2269
193 350 0 10.2536
193 362 0 8.35404
193 375 0 6.10119
193 388 0 7.6489
193 393 0 4.89843
193 397 0 2.50595
193 398 0 0.602783
194 9 0 13.9157
194 30 0 14.0745
194 40 0 14.6265
194 75 0 3.6284
194 79 0 15.2403
194 101 0 26.2176
194 105 0 28.1471
194 151 0 22.1271
194 166 0 14.8332
194 180 0 20.5609
194 205 0 13.9209
194 263 0 9.58215
194 291 0 26.3573
194 292 0 47.0791
194 302 0 26.8673
194 355 0 20.2978
194 362 0 10.1106
194 380 0 4.83361
194 391 0 1.8283
195 19 0 31.614
195 26 0 26.4417
195 38 0 7.4132
195 115 0 21.1159
195 139 0 47.6925
195 192 0 28.1804
195 238 0 24.7667
195 241 0 15.6925
195 244 0 14.8142
195 278 0 13.4708
195 318 0 17.1651
195 351 0 12.0457
195 364 0 23.8124
195 378 0 2.49342
195 392 0 2.80862
196 6 0 13.0308
196 28 0 2.63181
196 46 0 35.2134
196 89 0 13.9485
196 101 0 33.2375
196 115 0 18.3672
196 142 0 13.3225
196 144 0 23.4793
196 160 0 24.9583
196 241 0 28.1669
196 250 0 5.4733
196 297 0 17.7419
196 365 0 18.5821
196 384 0 8.88526
196 397 0 0.44583
197 3 0 8.91948
197 16 0 32.4133
197 22 0 43.911
197 41 0 16.5434
197 84 0 41.9474
197 98 0 13.8072
197 126 0 28.9594
197 130 0 9.85673
197 169 0 26.2873
197 185 0 22.7263
197 198 0 29.8951
197 204 0 13.8784
197 248 0 67.8076
197 330 0 24.0117
197 356 0 8.19793
197 370 0 18.7275
197 380 0 8.614
197 384 0 11.4235
197 387 0 7.23304
197 391 0 4.27765
197 398 0 2.97901
198 3 0 19.3659
198 16 0 25.2312
198 23 0 6.75376
198 44 0 18.0187
198 46 0 23.9724
198 73 0 41.6192
198 85 0 42.0378
198 206 0 31.3024
198 222 0 13.1221
198 229 0 15.8514
198 234 0 16.7236
198 248 0 2.87425
198 261 0 24.2004
198 266 0 21.6681
198 273 0 5.06789
198 285 0 31.0598
198 322 0 16.0899
198 327 0 7.82556
198 348 0 35.0427
198 374 0 2.48244
198 386 0 5.82369
198 392 0 3.40941
199 0 0 3.36598
199 100 0 24.5729
199 115 0 17.7777
199 133 0 12.7024
199 196 0 21.7569
199 215 0 32.2791
199 227 0 19.7175
199 242 0 9.69461
199 257 0 14.0932
199 342 0 35.9524
199 379 0 7.81094
199 394 0 1.90032
200 22 0 12.0503
200 34 0 18.7911
200 88 0 18.0822
200 102 0 10.1769
200 103 0 33.7914
200 152 0 60.1833
200 219 0 16.738
200 228 0 19.0658
200 313 0 19.68
200 336 0 7.16255
200 384 0 10.5385
200 392 0 0.880738
200 395 0 2.54308
200 398 0 0.574557
201 18 0 8.74593
201 44 0 15.3895
201 47 0 45.0662
201 48 0 29.7964
201 90 0 27.3638
201 95 0 9.92555
201 121 0 17.3967
201 126 0 48.6776
201 138 0 6.7804
201 166 0 12.8496
201 198 0 35.3656
201 226 0 17.2989
201 263 0 16.0527
201 268 0 15.3271
201 278 0 25.6607
201 300 0 6.14993
201 303 0 8.83465
201 354 0 6.38483
201 356 0 22.8874
201 387 0 5.68739
201 389 0 4.95055
201 390 0 5.36634
201 394 0 7.31757
202 31 0 13.0661
202 53 0 50.7606
202 55 0 47.9938
202 114 0 4.96186
202 122 0 15.1594
202 155 0 20.0609
202 160 0 46.1577
202 265 0 15.9753
202 289 0 23.6493
202 312 0 26.5108
202 361 0 18.276
202 374 0 17.9741
202 380 0 6.49313
202 394 0 1.00721
202 395 0 1.31191
203 19 0 11.5954
203 22 0 23.7376
203 29 0 16.7087
203 53 0 25.5871
203 64 0 23.2347
203 106 0 6.89019
203 143 0 17.3209
203 208 0 23.7304
203 230 0 13.9681
203 254 0 25.0122
203 269 0 11.2662
203 337 0 20.1792
203 380 0 6.3408
203 393 0 2.11933
203 396 0 0.401585
203 398 0 0.767723
204 4 0 11.5836
204 52 0 36.235
204 53 0 18.5895
204 105 0 3.09839
204 116 0 25.3503
204 124 0 21.1083
204 145 0 2.88531
204 198 0 17.0739
204 210 0 26.9286
204 222 0 4.29391
204 228 0 31.1079
204 242 0 8.71191
204 274 0 19.121
204 340 0 8.98387
204 368 0 13.3055
204 373 0 12.6378
204 376 0 6.90651
204 385 0 8.85166
204 394 0 2.82032
205 0 0 7.64583
205 11 0 17.9232
205 24 0 21.4123
205 78 0 45.2004
205 80 0 20.5019
205 82 0 26.509
205 139 0 19.1302
205 152 0 20.1304
205 153 0 27.3808
205 163 0 15.1006
205 181 0 26.671
205 204 0 36.6807
205 218 0 13.347
205 280 0 30.7127
205 334 0 29.0377
205 342 0 32.5031
205 347 0 18.5594
205 354 0 6.84783
205 358 0 18.332
205 363 0 15.5136
205 385 0 0.691283
205 388 0 1.23352
205 390 0 4.73398
205 391 0 6.17794
205 397 0 4.15906
205 398 0 0.741264
206 8 0 13.3529
206 33 0 30.1558
206 34 0 5.6854
206 40 0 32.9442
206 41 0 40.2236
206 52 0 11.6472
206 68 0 7.70502
206 69 0 20.8435
206 71 0 10.8119
206 107 0 9.36872
206 131 0 37.1921
206 183 0 33.6038
206 222 0 13.5285
206 280 0 13.9191
206 327 0 13.738
206 329 0 19.9654
206 338 0 18.58
206 381 0 7.11245
206 391 0 3.07948
206 395 0 1.64746
207 8 0 3.0191
207 62 0 20.033
207 76 0 31.271
207 82 0 4.59037
207 95 0 7.97693
207 116 0 24.0996
207 153 0 16.7259
207 170 0 16.9504
207 219 0 26.0141
207 240 0 15.8703
207 263 0 26.0546
207 288 0 13.2735
207 298 0 28.4426
207 371 0 6.45873
207 373 0 15.0505
207 376 0 1.30777
207 386 0 6.39986
207 389 0 7.42007
207 394 0 3.42458
207 396 0 4.91278
208 1 0 24.4369
208 73 0 12.1651
208 115 0 36.1485
208 174 0 8.59154
208 178 0 12.0577
208 188 0 8.09964
208 198 0 20.8724
208 207 0 28.1023
208 215 0 6.65792
208 221 0 9.98084
208 224 0 2.00871
208 253 0 11.195
208 254 0 16.0119
208 261 0 1.82229
208 266 0 23.7961
208 270 0 32.8432
208 305 0 25.9403
208 323 0 12.8914
208 333 0 5.40621
208 357 0 24.6549
208 358 0 10.3782
208 359 0 13.8857
208 360 0 21.1424
208 381 0 3.66763
208 391 0 2.18228
208 393 0 4.04127
208 396 0 1.65187
209 0 0 17.5046
209 3 0 19.5831
209 5 0 33.7538
209 8 0 18.4649
209 10 0 19.6882
209 110 0 23.6017
209 123 0 10.0904
209 136 0 27.6807
209 208 0 33.3176
209 221 0 13.1712
209 244 0 7.26876
209 254 0 12.6534
209 331 0 45.3895
209 343 0 12.6266
209 347 0 0.735529
209 364 0 21.8291
209 387 0 6.39375
210 15 0 15.6585
210 45 0 41.1003
210 54 0 35.7017
210 72 0 38.0962
210 73 0 28.3885
210 87 0 15.5933
210 99 0 5.9959
210 152 0 14.7717
210 166 0 24.4878
210 173 0 26.0984
210 189 0 13.7597
210 243 0 21.8607
210 325 0 8.90507
210 340 0 22.0365
210 362 0 11.3212
210 366 0 11.8886
210 371 0 8.15204
210 380 0 4.19858
210 388 0 7.82363
210 394 0 1.85515
211 18 0 12.8596
211 37 0 10.3407
211 64 0 24.0022
211 95 0 6.36971
211 110 0 21.9854
211 127 0 1.70142
211 163 0 14.5504
211 188 0 7.93669
211 254 0 18.098
211 260 0 24.5536
211 294 0 17.2189
211 349 0 12.6271
211 352 0 20.9934
211 383 0 6.87313
211 384 0 2.15618
211 387 0 4.09715
211 388 0 2.53297
211 393 0 1.77866
212 16 0 20.8624
212 42 0 7.89047
212 43 0 20.3997
212 67 0 9.57438
212 79 0 9.94889
212 90 0 18.9574
212 138 0 16.2461
212 198 0 16.1008
212 234 0 12.6773
212 256 0 25.2738
212 265 0 10.597
212 284 0 23.852
212 358 0 15.6521
212 365 0 9.72113
212 370 0 8.70576
212 372 0 2.94899
212 381 0 9.71427
212 389 0 8.35961
212 395 0 2.56875
212 398 0 0.666345
213 4 0 22.716
213 14 0 17.9003
213 21 0 9.40821
213 30 0 0.678328
213 62 0 9.53118
213 74 0 5.40558
213 113 0 11.526
213 131 0 18.4442
213 165 0 34.0001
213 177 0 14.8832
213 216 0 23.6238
213 272 0 23.8351
213 279 0 19.4761
213 302 0 29.5997
213 316 0 3.11784
213 320 0 7.25525
213 362 0 6.40166
213 372 0 15.2107
213 373 0 12.1191
213 387 0 8.59469
214 3 0 13.2909
214 9 0 14.3361
214 12 0 18.6376
214 73 0 15.5837
214 86 0 11.3014
214 108 0 22.6369
214 170 0 16.7063
214 192 0 31.1168
214 219 0 33.7255
214 271 0 4.0444
214 328 0 7.27457
214 357 0 8.91281
214 360 0 13.703
214 363 0 6.84251
214 368 0 10.8586
214 377 0 0.402848
214 384 0 4.54845
214 391 0 5.15984
215 4 0 12.2875
215 16 0 8.51019
215 39 0 21.4021
215 70 0 23.6068
215 127 0 16.3742
215 136 0 28.8295
215 169 0 21.0525
215 183 0 8.14716
215 204 0 15.2985
215 227 0 27.2021
215 245 0 23.2491
215 296 0 31.2779
215 330 0 17.2713
215 360 0 12.25
215 367 0 7.14329
215 369 0 9.89789
215 373 0 6.13682
215 379 0 3.36744
215 382 0 3.29192
215 397 0 2.91842
216 7 0 19.4181
216 17 0 7.93294
216 44 0 19.4637
216 52 0 15.0572
216 61 0 16.663
216 64 0 4.81968
216 67 0 21.57
216 80 0 31.6409
216 134 0 11.9346
216 136 0 18.3936
216 151 0 29.5651
216 152 0 21.6804
216 165 0 21.7265
216 218 0 8.58306
216 228 0 27.9114
216 236 0 21.8211
216 327 0 28.1414
216 335 0 17.4186
216 336 0 8.41827
216 340 0 17.3756
216 353 0 9.94192
216 358 0 9.19991
216 387 0 1.32032
217 78 0 3.66151
217 92 0 16.8676
217 104 0 9.00636
217 118 0 24.348
217 155 0 14.9016
217 166 0 18.8691
217 173 0 19.4597
217 174 0 13.6758
217 185 0 37.2083
217 200 0 29.2523
217 217 0 4.39625
217 237 0 2.28253
217 244 0 3.321
217 291 0 17.6161
217 294 0 20.8266
217 296 0 2.57165
217 313 0 24.657
217 343 0 10.8443
217 344 0 8.10816
217 368 0 6.35473
217 371 0 1.84603
217 373 0 9.11477
217 387 0 3.33749
217 395 0 2.04243
218 0 0 2.98316
218 29 0 16.2994
218 30 0 15.964
218 39 0 15.5101
218 42 0 5.45587
218 45 0 6.28181
218 53 0 16.6926
218 61 0 10.4251
218 79 0 22.36
218 99 0 7.97209
218 137 0 11.0055
218 155 0 18.4692
218 170 0 33.5945
218 196 0 16.8663
218 228 0 7.06984
218 247 0 10.7921
218 259 0 31.6113
218 268 0 17.3309
218 287 0 17.7931
218 317 0 2.13419
218 379 0 3.87727
218 382 0 8.40811
218 384 0 1.92311
218 390 0 2.94995
218 396 0 1.6985
218 397 0 1.56607
219 35 0 3.62088
219 43 0 15.2891
219 53 0 11.0835
219 63 0 31.4292
219 86 0 22.4552
219 99 0 10.7071
219 100 0 11.8944
219 130 0 10.9698
219 142 0 15.6385
219 149 0 2.02933
219 227 0 9.4773
219 238 0 10.6841
219 241 0 17.0144
219 242 0 15.2912
219 262 0 29.4262
219 271 0 29.2742
219 288 0 2.82462
219 307 0 14.3169
219 311 0 30.8716
219 321 0 3.12103
219 334 0 11.6745
219 341 0 8.03528
219 343 0 14.6946
219 355 0 9.118
219 357 0 18.3994
219 362 0 17.4214
219 363 0 6.25952
219 376 0 4.16144
219 382 0 4.976
219 389 0 1.82429
219 391 0 6.84662
220 7 0 20.1317
220 18 0 11.7347
220 36 0 15.2558
220 45 0 30.0355
220 55 0 30.3218
220 72 0 12.3968
220 231 0 8.7305
220 253 0 14.6383
220 279 0 12.2542
220 281 0 10.2024
220 309 0 9.71194
220 326 0 12.8464
220 331 0 20.1024
220 339 0 2.84097
220 352 0 13.7964
220 365 0 11.8878
220 375 0 10.4423
220 378 0 6.71025
220 390 0 3.6462
220 393 0 3.21601
220 395 0 1.26257
221 2 0 8.627
221 8 0 10.0575
221 54 0 24.2533
221 136 0 16.1676
221 142 0 40.7176
221 150 0 17.4678
221 184 0 16.9229
221 218 0 18.6735
221 221 0 10.6743
221 237 0 24.9203
221 255 0 33.5406
221 291 0 18.9448
221 330 0 22.6124
221 338 0 14.5035
221 347 0 15.2961
221 353 0 11.5479
221 356 0 5.57191
221 377 0 8.44412
221 381 0 7.88781
221 382 0 3.58287
221 388 0 2.70566
221 393 0 3.2659
221 394 0 1.7651
221 395 0 1.07381
222 3 0 7.00368
222 27 0 5.35403
222 38 0 8.15168
222 41 0 44.9131
222 44 0 30.5959
222 45 0 23.497
222 57 0 10.5907
222 66 0 6.50721
222 67 0 19.6614
222 80 0 25.2959
222 93 0 5.70694
222 110 0 7.55337
222 176 0 8.28832
222 182 0 7.66515
222 235 0 9.39672
222 237 0 16.7732
222 241 0 16.5023
222 244 0 26.9934
222 255 0 10.0022
222 262 0 3.26891
222 289 0 4.02629
222 337 0 19.4769
222 339 0 11.4395
222 362 0 0.812941
222 365 0 10.3231
222 387 0 3.89588
222 393 0 3.91042
223 1 0 5.51657
223 101 0 13.4157
223 113 0 12.4148
223 126 0 14.2935
223 128 0 18.5595
223 134 0 25.0146
223 137 0 7.41097
223 174 0 17.7269
223 216 0 3.39477
223 219 0 9.16211
223 224 0 21.5496
223 225 0 26.3899
223 242 0 23.8983
223 246 0 16.8761
223 271 0 11.9615
223 278 0 10.1934
223 306 0 16.052
223 321 0 17.2687
223 333 0 6.19029
223 338 0 12.6415
223 352 0 14.3706
223 366 0 1.71275
223 378 0 6.49346
223 389 0 0.703539
223 396 0 1.05866
223 397 0 2.57423
224 9 0 5.82267
224 10 0 4.51944
224 38 0 8.75058
224 39 0 10.628
224 45 0 7.45117
224 53 0 12.8583
224 61 0 19.4331
224 76 0 1.66123
224 118 0 5.57317
224 135 0 11.5219
224 150 0 19.4146
224 170 0 21.4444
224 180 0 5.49519
224 197 0 20.3455
224 222 0 10.6757
224 253 0 5.31223
224 286 0 15.3371
224 328 0 8.33922
224 340 0 4.29688
224 345 0 12.197
224 356 0 3.40028
224 374 0 6.50716
224 380 0 8.27989
224 381 0 3.0001
224 386 0 1.77138
224 393 0 1.90474
224 395 0 2.94937
225 14 0 8.25663
225 30 0 3.73707
225 37 0 9.40364
225 41 0 22.4551
225 54 0 17.5448
225 56 0 10.3801
225 59 0 5.80037
225 102 0 10.7996
225 123 0 12.8973
225 128 0 8.90324
225 152 0 16.7985
225 163 0 4.49266
225 169 0 23.2835
225 191 0 5.86079
225 194 0 21.6307
225 218 0 10.4127
225 238 0 11.1971
225 258 0 8.4929
225 263 0 17.4746
225 265 0 16.8924
225 275 0 28.9961
225 286 0 18.9614
225 300 0 27.9756
225 342 0 14.1075
225 349 0 0.690204
225 379 0 6.29672
225 385 0 2.31229
225 391 0 5.69607
225 394 0 0.406276
225 397 0 0.676759
226 1 0 8.59262
226 3 0 14.9409
226 16 0 10.2722
226 54 0 24.9246
226 82 0 18.2393
226 113 0 3.44232
226 114 0 20.3825
226 120 0 21.7921
226 127 0 19.4951
226 134 0 10.4359
226 154 0 24.1574
226 187 0 26.6433
226 214 0 9.52303
226 291 0 4.23135
226 301 0 4.96302
226 304 0 2.14655
226 331 0 8.44549
226 339 0 10.7098
226 352 0 2.69779
226 354 0 3.96475
226 375 0 2.80492
226 379 0 9.82187
226 382 0 3.57346
226 384 0 4.96333
226 389 0 1.41849
226 390 0 0.616096
226 392 0 1.86622
226 394 0 1.63366
226 396 0 0.856025
227 10 0 14.2086
227 48 0 13.4305
227 56 0 8.29963
227 73 0 20.4723
227 102 0 7.11853
227 108 0 8.46456
227 115 0 24.3123
227 145 0 2.63502
227 152 0 14.2418
227 158 0 25.6541
227 218 0 10.7948
227 252 0 20.6272
227 254 0 6.53977
227 261 0 8.407
227 281 0 21.8418
227 295 0 31.5137
227 308 0 7.15067
227 324 0 16.0337
227 338 0 9.46018
227 356 0 10.2597
227 383 0 4.56277
227 386 0 8.60431
227 388 0 5.20715
227 389 0 2.56139
227 392 0 0.558772
228 0 0 14.1977
228 49 0 16.9933
228 52 0 3.60699
228 67 0 11.3063
228 68 0 13.1516
228 74 0 5.67667
228 86 0 5.7938
228 112 0 30.1721
228 129 0 2.52689
228 131 0 12.029
228 135 0 8.68515
228 141 0 24.5896
228 182 0 12.5717
228 198 0 4.41917
228 203 0 20.9727
228 205 0 19.6063
228 250 0 14.2578
228 256 0 6.8734
228 289 0 30.8589
228 325 0 18.4504
228 327 0 12.0568
228 367 0 10.3102
228 373 0 6.96723
228 376 0 1.53652
228 379 0 15.7572
228 393 0 1.19304
228 394 0 2.85705
228 396 0 2.12394
229 1 0 6.32517
229 14 0 5.7748
229 17 0 13.4524
229 19 0 3.3717
229 49 0 11.837
229 53 0 17.8571
229 56 0 7.40477
229 62 0 1.77345
229 74 0 5.72754
229 78 0 20.2671
229 84 0 18.2451
229 100 0 28.3094
229 128 0 28.0664
229 136 0 12.8078
229 158 0 2.39574
229 163 0 5.44457
229 171 0 24.6015
229 180 0 22.2156
229 182 0 20.4949
229 196 0 25.7291
229 261 0 16.8337
229 264 0 13.4623
229 266 0 2.53447
229 306 0 15.804
229 319 0 1.26077
229 324 0 8.87271
229 361 0 12.0159
229 365 0 10.1966
229 367 0 11.6112
229 368 0 7.01361
229 385 0 2.474
229 387 0 1.31675
229 390 0 0.585201
229 391 0 2.58471
229 396 0 1.30336
230 4 0 10.89
230 24 0 12.3974
230 30 0 15.8227
230 120 0 16.845
230 124 0 21.0358
230 129 0 16.7774
230 171 0 9.67924
230 195 0 17.2627
230 227 0 8.01964
230 235 0 4.5913
230 245 0 8.94248
230 275 0 16.4998
230 314 0 14.3855
230 320 0 13.6163
230 350 0 9.15991
230 355 0 6.73692
230 362 0 4.08869
230 369 0 3.66074
230 372 0 6.91666
230 391 0 5.33914
230 395 0 1.44696
230 397 0 1.97114
231 4 0 2.92422
231 36 0 7.07832
231 40 0 25.3173
231 41 0 10.701
231 44 0 18.1729
231 63 0 17.4907
231 67 0 12.1528
231 74 0 8.25068
231 79 0 12.5725
231 108 0 11.1079
231 112 0 17.4723
231 121 0 8.64205
231 131 0 18.747
231 133 0 10.2391
231 138 0 9.51744
231 141 0 7.44943
231 142 0 7.68036
231 148 0 9.65617
231 163 0 3.64892
231 171 0 7.97182
231 175 0 5.63968
231 185 0 17.792
231 191 0 16.4847
231 199 0 10.229
231 206 0 10.4259
231 208 0 11.3709
231 209 0 8.49781
231 230 0 15.5255
231 302 0 7.82189
231 308 0 29.8748
231 315 0 3.77236
231 319 0 19.7117
231 329 0 10.3284
231 332 0 26.2895
231 342 0 3.53468
231 347 0 4.68466
231 362 0 1.19108
231 363 0 10.3537
231 368 0 2.91658
231 371 0 9.11876
231 378 0 6.9023
231 379 0 6.99566
231 387 0 8.97936
231 388 0 1.05606
231 390 0 0.661903
231 391 0 5.62244
231 397 0 1.66798
232 16 0 4.51625
232 30 0 8.37169
232 33 0 19.9617
232 55 0 12.3975
232 58 0 1.19415
232 59 0 0.976486
232 60 0 12.9746
232 73 0 18.6908
232 99 0 5.78182
232 100 0 13.0145
232 105 0 15.1274
232 124 0 18.0814
232 164 0 25.3731
232 173 0 8.84381
232 177 0 12.8721
232 215 0 6.77067
232 232 0 13.2557
232 242 0 15.358
232 253 0 1.25096
232 283 0 2.68747
232 288 0 9.22458
232 297 0 8.203
232 317 0 26.2232
232 319 0 15.5267
232 323 0 19.6949
232 339 0 8.0312
232 340 0 5.49112
232 365 0 2.72975
232 374 0 6.84859
232 380 0 3.84384
232 382 0 2.78629
232 389 0 1.157
232 390 0 5.9026
232 391 0 0.716048
232 392 0 0.703174
233 7 0 12.3727
233 21 0 16.2506
233 25 0 3.03894
233 28 0 13.4096
233 37 0 7.70493
233 48 0 12.7111
233 49 0 2.06209
233 78 0 10.8366
233 84 0 1.66186
233 88 0 13.701
233 93 0 16.6488
233 105 0 11.243
233 108 0 3.56781
233 146 0 17.2176
233 173 0 20.8757
233 205 0 10.9633
233 206 0 18.1333
233 208 0 16.8195
233 209 0 6.74337
233 217 0 29.3214
233 220 0 6.90793
233 232 0 7.76159
233 251 0 8.53266
233 252 0 14.281
233 300 0 11.054
233 305 0 13.1192
233 310 0 23.5198
233 360 0 5.39322
233 369 0 14.8726
233 373 0 6.77935
233 378 0 3.95369
233 379 0 2.42606
233 383 0 7.98791
233 388 0 1.8187
233 389 0 4.85288
233 394 0 0.703674
233 395 0 1.52113
234 1 0 1.54465
234 11 0 2.23399
234 21 0 12.7133
234 22 0 8.33992
234 35 0 11.8031
234 36 0 6.21638
234 49 0 18.1843
234 51 0 8.79989
234 67 0 3.68366
234 77 0 11.4313
234 80 0 11.4502
234 81 0 22.9833
234 108 0 15.443
234 132 0 8.38817
234 163 0 9.26665
234 188 0 31.3501
234 203 0 7.19023
234 205 0 18.1392
234 232 0 21.1978
234 233 0 12.5748
234 241 0 15.3199
234 244 0 8.55526
234 248 0 4.67064
234 261 0 11.8925
234 265 0 3.11664
234 277 0 10.8314
234 278 0 9.11074
234 284 0 20.6084
234 314 0 13.5959
234 316 0 14.1745
234 332 0 13.7494
234 340 0 9.60789
234 358 0 18.681
234 361 0 11.2377
234 370 0 5.42804
234 381 0 2.07572
234 385 0 5.1212
234 387 0 10.4696
234 391 0 3.40796
234 393 0 0.690825
234 396 0 0.920869
235 4 0 4.22636
235 12 0 6.24723
235 15 0 16.1628
235 32 0 6.16543
235 35 0 5.18605
235 41 0 17.7482
235 73 0 14.0283
235 76 0 14.8382
235 79 0 3.70931
235 111 0 13.8704
235 129 0 4.19081
235 132 0 13.8292
235 134 0 15.7999
235 140 0 7.55667
235 151 0 19.91
235 161 0 3.34202
235 174 0 9.89486
235 217 0 16.2276
235 227 0 21.1864
235 238 0 2.66153
235 239 0 22.3404
235 249 0 16.0975
235 276 0 8.59082
235 280 0 5.85405
235 283 0 16.5214
235 285 0 7.44979
235 303 0 4.4339
235 305 0 8.63532
235 340 0 8.96567
235 349 0 11.5285
235 350 0 12.1342
235 356 0 5.43011
235 361 0 3.68168
235 368 0 1.76245
235 374 0 5.91657
235 378 0 4.83889
235 385 0 6.97878
235 388 0 6.00845
235 390 0 1.20331
235 391 0 1.25911
235 396 0 0.499608
236 4 0 4.93622
236 10 0 3.45122
236 20 0 5.87085
236 23 0 8.89158
236 24 0 8.21441
236 31 0 3.48734
236 36 0 10.3824
236 39 0 11.1672
236 48 0 14.5358
236 62 0 13.0191
236 67 0 10.8621
236 75 0 25.8277
236 79 0 1.75743
236 80 0 2.17087
236 85 0 11.572
236 100 0 14.3935
236 107 0 8.17345
236 116 0 18.0377
236 123 0 11.9155
236 132 0 7.46356
236 134 0 7.08405
236 145 0 9.8189
236 153 0 5.56481
236 168 0 5.363
236 175 0 9.82321
236 178 0 20.4531
236 179 0 21.058
236 185 0 1.7815
236 216 0 10.755
236 217 0 9.33676
236 247 0 8.5578
236 251 0 5.1021
236 288 0 5.19798
236 289 0 11.7689
236 306 0 15.4988
236 308 0 4.6658
236 312 0 2.32565
236 342 0 5.9026
236 364 0 1.61585
236 368 0 5.71444
236 372 0 3.42188
236 375 0 2.3461
236 389 0 0.840547
236 392 0 1.28548
236 395 0 2.9884
237 5 0 6.35616
237 8 0 10.066
237 17 0 11.5443
237 31 0 5.87411
237 50 0 18.2665
237 59 0 12.1913
237 73 0 9.47047
237 75 0 3.99838
237 96 0 4.3556
237 126 0 15.4429
237 148 0 7.35598
237 155 0 11.5017
237 174 0 11.7527
237 175 0 5.209
237 178 0 7.67566
237 191 0 4.11549
237 192 0 16.5696
237 240 0 9.25167
237 244 0 2.08428
237 265 0 8.00071
237 286 0 11.1937
237 287 0 3.57323
237 294 0 7.86229
237 301 0 16.296
237 308 0 10.0706
237 327 0 9.62285
237 330 0 8.60584
237 334 0 5.30554
237 342 0 15.8864
237 352 0 14.4089
237 361 0 4.43589
237 372 0 1.29924
237 376 0 8.7581
237 379 0 3.83303
237 381 0 2.14976
237 385 0 4.16705
237 388 0 1.03837
237 389 0 7.94959
237 391 0 4.96204
238 6 0 3.22099
238 11 0 5.0291
238 35 0 4.52757
238 36 0 15.2162
238 39 0 12.3495
238 49 0 10.4907
238 51 0 16.842
238 62 0 11.2447
238 63 0 5.33614
238 72 0 16.563
238 79 0 5.51556
238 101 0 20.9011
238 102 0 0.479879
238 128 0 6.19377
238 144 0 15.1238
238 153 0 8.6791
238 156 0 12.5793
238 175 0 3.08818
238 190 0 14.5045
238 228 0 4.13735
238 261 0 2.7418
238 274 0 2.60148
238 285 0 4.78505
238 289 0 9.55407
238 300 0 6.20471
238 326 0 15.4943
238 351 0 8.49395
238 358 0 6.68735
238 362 0 2.24922
238 378 0 7.72134
238 386 0 2.04049
238 389 0 1.78176
238 391 0 5.49759
238 392 0 3.04615
238 393 0 1.12191
239 4 0 4.26457
239 18 0 5.35036
239 19 0 1.81437
239 25 0 3.61543
239 33 0 10.1042
239 47 0 10.1032
239 50 0 6.21303
239 51 0 15.8979
239 59 0 10.2071
239 63 0 7.35793
239 81 0 13.2722
239 86 0 4.00752
239 87 0 13.8151
239 95 0 10.8798
239 130 0 4.42485
239 137 0 9.31831
239 140 0 9.77787
239 143 0 14.7359
239 159 0 11.4902
239 180 0 8.87526
239 221 0 16.1219
239 241 0 4.70275
239 248 0 16.6402
239 256 0 11.1328
239 267 0 21.4003
239 268 0 5.70336
239 273 0 14.3699
239 274 0 6.30444
239 285 0 15.0739
239 302 0 5.13664
239 319 0 4.19478
239 321 0 6.80071
239 324 0 12.7112
239 326 0 7.24015
239 333 0 5.02285
239 341 0 20.559
239 345 0 15.1864
239 355 0 8.32136
239 359 0 1.56414
239 360 0 3.85333
239 375 0 6.19121
239 376 0 7.57617
239 378 0 6.29306
239 384 0 10.0309
239 385 0 3.26533
239 389 0 5.31518
239 394 0 1.28849
239 395 0 0.711214
240 11 0 4.70839
240 17 0 8.59475
240 24 0 17.1673
240 25 0 4.45696
240 32 0 8.38902
240 35 0 12.1166
240 41 0 10.0525
240 49 0 6.54413
240 55 0 8.88801
240 62 0 3.32873
240 69 0 17.0664
240 75 0 4.6144
240 84 0 14.6343
240 144 0 8.96045
240 149 0 9.14474
240 150 0 9.50939
240 165 0 9.31493
240 168 0 19.9432
240 172 0 6.16669
240 180 0 10.4234
240 189 0 11.6966
240 217 0 17.1118
240 218 0 8.3052
240 238 0 7.48331
240 240 0 8.36473
240 244 0 16.5759
240 260 0 11.0213
240 280 0 6.13927
240 296 0 7.002
240 323 0 11.771
240 329 0 4.52384
240 330 0 7.60763
240 345 0 10.9297
240 347 0 5.62201
240 348 0 11.2725
240 350 0 4.02036
240 354 0 2.09055
240 373 0 3.6499
240 374 0 7.56717
240 375 0 3.14559
240 377 0 6.42209
240 378 0 5.78125
240 383 0 11.4578
240 387 0 5.78455
240 389 0 1.44562
241 11 0 0.82271
241 13 0 1.1728
241 26 0 4.08399
241 44 0 23.0156
241 54 0 8.98813
241 56 0 8.39187
241 61 0 9.48031
241 63 0 5.94662
241 64 0 9.87504
241 72 0 4.10329
241 92 0 12.1406
241 100 0 5.91241
241 112 0 7.26542
241 148 0 3.7226
241 150 0 13.3104
241 168 0 3.20761
241 184 0 14.5329
241 185 0 17.1297
241 196 0 7.11883
241 198 0 8.13022
241 199 0 15.9124
241 203 0 3.62806
241 226 0 8.52512
241 235 0 14.867
241 247 0 12.8931
241 249 0 5.075
241 272 0 1.03334
241 282 0 5.99515
241 285 0 6.99547
241 288 0 8.0256
241 294 0 12.8309
241 318 0 10.6015
241 322 0 7.74738
241 324 0 3.24645
241 331 0 6.2002
241 344 0 8.78513
241 352 0 8.60065
241 359 0 6.01527
241 366 0 6.72932
241 367 0 4.20118
241 372 0 1.68939
241 376 0 2.97886
241 386 0 1.42039
241 391 0 3.31527
242 2 0 6.7516
242 4 0 8.45808
242 8 0 7.63717
242 12 0 6.70152
242 13 0 8.17278
242 24 0 9.03795
242 26 0 5.77394
242 29 0 4.978
242 30 0 1.7251
242 35 0 3.49413
242 43 0 6.05754
242 50 0 5.1894
242 62 0 3.28255
242 63 0 6.13238
242 78 0 6.50749
242 100 0 10.4625
242 127 0 7.13635
242 131 0 4.95027
242 139 0 7.60833
242 141 0 0.994563
242 143 0 5.68174
242 156 0 18.51
242 167 0 13.1536
242 173 0 9.32751
242 179 0 8.03881
242 184 0 7.80206
242 186 0 7.5867
242 189 0 6.58228
242 193 0 6.27774
242 195 0 3.40044
242 199 0 5.43248
242 201 0 13.3449
242 207 0 5.79327
242 217 0 1.58281
242 218 0 6.55229
242 220 0 10.3331
242 224 0 16.4318
242 226 0 13.1004
242 233 0 11.9215
242 243 0 7.35233
242 245 0 5.30048
242 247 0 3.22272
242 254 0 10.608
242 255 0 15.3073
242 284 0 9.12188
242 291 0 6.35589
242 306 0 6.96043
242 317 0 10.9349
242 318 0 1.03167
242 335 0 3.4636
242 336 0 12.8973
242 344 0 15.1084
242 346 0 9.0114
242 348 0 8.82729
242 350 0 13.4105
242 354 0 12.3724
242 358 0 4.90638
242 359 0 10.6648
242 363 0 7.99763
242 370 0 10.0383
242 374 0 3.25957
242 389 0 2.09524
242 393 0 2.19494
242 394 0 1.22455
243 0 0 1.86974
243 2 0 5.23213
243 10 0 6.14048
243 16 0 2.39963
243 22 0 5.93393
243 25 0 6.08051
243 26 0 4.18038
243 47 0 14.8077
243 53 0 2.88131
243 56 0 9.8059
243 57 0 10.7574
243 89 0 6.29509
243 99 0 8.04107
243 112 0 17.6117
243 119 0 4.54785
243 123 0 11.1028
243 140 0 10.8267
243 142 0 1.8325
243 143 0 11.2268
243 147 0 12.3838
243 157 0 5.61985
243 162 0 5.4666
243 165 0 11.2996
243 200 0 2.90709
243 217 0 7.69795
243 224 0 18.9598
243 226 0 6.60352
243 230 0 11.1046
243 231 0 8.94043
243 232 0 5.21147
243 239 0 3.711
243 240 0 6.34377
243 244 0 10.0235
243 260 0 17.5389
243 279 0 7.33349
243 291 0 6.39578
243 294 0 8.71176
243 304 0 4.84115
243 306 0 12.7286
243 308 0 6.22606
243 317 0 9.63459
243 323 0 3.08369
243 343 0 8.03699
243 347 0 3.86229
243 355 0 4.30258
243 358 0 6.49478
243 362 0 1.60753
243 374 0 6.8315
243 377 0 4.22897
243 381 0 4.43211
243 385 0 5.32509
243 387 0 2.15138
243 391 0 1.54654
243 394 0 0.997688
244 0 0 2.7631
244 1 0 4.08468
244 2 0 2.5041
244 5 0 2.48849
244 7 0 5.50465
244 8 0 4.09251
244 11 0 6.00767
244 20 0 1.55394
244 27 0 4.59856
244 29 0 0.568304
244 31 0 2.04607
244 40 0 9.69061
244 42 0 2.88466
244 43 0 6.55925
244 45 0 16.5156
244 66 0 4.65577
244 70 0 3.69532
244 74 0 6.55688
244 92 0 1.69845
244 94 0 11.6057
244 96 0 9.80897
244 100 0 2.64648
244 101 0 10.7361
244 106 0 1.39712
244 119 0 8.35117
244 126 0 7.50257
244 140 0 8.98753
244 145 0 3.90953
244 149 0 15.2937
244 169 0 5.94598
244 172 0 2.17087
244 176 0 5.19914
244 178 0 6.57732
244 180 0 8.52447
244 183 0 1.41319
244 184 0 8.92315
244 185 0 4.3775
244 186 0 1.69301
244 191 0 4.64641
244 192 0 3.59257
244 195 0 6.37707
244 196 0 2.07
244 199 0 6.94415
244 200 0 3.85807
244 201 0 0.595895
244 208 0 13.6793
244 212 0 7.33706
244 214 0 1.81423
244 223 0 9.6833
244 224 0 5.22512
244 228 0 5.27112
244 231 0 4.39821
244 234 0 6.5872
244 250 0 2.5283
244 267 0 5.93657
244 268 0 10.0073
244 270 0 13.3956
244 274 0 7.66373
244 284 0 5.84421
244 297 0 14.9637
244 300 0 11.7303
244 307 0 4.46128
244 328 0 7.09856
244 332 0 12.5137
244 341 0 6.02426
244 343 0 6.94626
244 353 0 3.48259
244 354 0 8.51632
244 358 0 10.106
244 362 0 2.2508
244 365 0 5.37289
244 385 0 3.08272
244 392 0 4.41899
244 393 0 1.42101
245 12 0 5.21235
245 22 0 2.30392
245 29 0 5.52535
245 30 0 4.65403
245 32 0 4.83177
245 33 0 3.70001
245 40 0 6.87697
245 43 0 1.54924
245 44 0 4.77909
245 48 0 4.66029
245 50 0 6.95801
245 67 0 3.42848
245 76 0 12.9288
245 89 0 1.63716
245 93 0 7.88294
245 96 0 3.51104
245 97 0 1.33134
245 100 0 1.40026
245 120 0 7.16753
245 123 0 5.16872
245 125 0 3.81508
245 128 0 9.11218
245 133 0 14.4594
245 135 0 11.0313
245 139 0 2.8268
245 144 0 6.22069
245 153 0 3.39145
245 159 0 7.50604
245 178 0 3.68618
245 185 0 9.89253
245 186 0 4.55913
245 188 0 8.39086
245 198 0 3.83591
245 203 0 9.5411
245 209 0 7.75947
245 210 0 0.944092
245 211 0 15.8965
245 214 0 15.6153
245 229 0 7.93837
245 234 0 7.18702
245 237 0 7.92449
245 243 0 0.444313
245 256 0 6.54178
245 259 0 4.14593
245 260 0 13.125
245 275 0 2.25762
245 278 0 2.05992
245 296 0 5.67196
245 298 0 7.59979
245 300 0 6.78865
245 305 0 4.16242
245 307 0 2.6967
245 308 0 3.85292
245 321 0 12.9281
245 322 0 6.91914
245 324 0 5.66702
245 327 0 2.7896
245 333 0 2.72927
245 335 0 9.61095
245 342 0 4.53708
245 346 0 2.25124
245 349 0 4.29624
245 350 0 5.66639
245 360 0 2.32459
245 369 0 8.92922
245 376 0 4.64516
245 380 0 11.3161
245 384 0 12.4716
245 385 0 1.90708
245 388 0 2.70194
245 391 0 2.32459
245 395 0 0.602502
246 3 0 5.05643
246 4 0 3.89636
246 16 0 4.45866
246 17 0 2.89169
246 19 0 1.75125
246 20 0 3.3245
246 26 0 4.87325
246 31 0 4.5772
246 45 0 5.76239
246 50 0 4.01284
246 56 0 2.49799
246 57 0 1.00869
246 60 0 1.26051
246 66 0 2.88566
246 69 0 11.5827
246 72 0 3.81012
246 82 0 5.03779
246 86 0 7.62609
246 89 0 2.42471
246 96 0 16.9909
246 100 0 5.16129
246 102 0 9.6832
246 103 0 2.9873
246 107 0 0.412346
246 108 0 2.27462
246 126 0 7.53293
246 127 0 3.73264
246 129 0 9.14781
246 133 0 5.64033
246 139 0 3.26996
246 141 0 12.0628
246 145 0 3.92007
246 156 0 11.8303
246 166 0 2.87814
246 167 0 11.4545
246 170 0 5.85242
246 174 0 1.53921
246 193 0 1.8497
246 198 0 3.82671
246 206 0 1.43598
246 208 0 5.8718
246 214 0 11.8486
246 218 0 6.25925
246 223 0 7.96593
246 226 0 2.06166
246 228 0 9.83286
246 231 0 5.88181
246 234 0 6.07462
246 241 0 0.788784
246 244 0 4.29643
246 252 0 5.68259
246 254 0 2.40962
246 261 0 7.29613
246 264 0 6.96271
246 267 0 5.89247
246 268 0 5.91044
246 275 0 10.5345
246 279 0 3.86701
246 288 0 1.10258
246 302 0 5.45251
246 312 0 6.40736
246 331 0 5.71738
246 332 0 5.55227
246 343 0 7.0018
246 357 0 5.02277
246 358 0 10.4212
246 362 0 8.1072
246 364 0 2.69512
246 369 0 2.69889
246 372 0 2.20194
246 383 0 8.17938
246 387 0 2.28422
246 389 0 0.589642
246 390 0 2.87211
246 392 0 2.43852
246 393 0 2.52591
246 395 0 0.828191
247 0 0 0.868918
247 3 0 6.08285
247 8 0 4.49435
247 14 0 0.774613
247 16 0 5.28622
247 18 0 4.3641
247 20 0 2.62478
247 29 0 1.74182
247 30 0 7.64168
247 31 0 5.60669
247 48 0 4.79998
247 54 0 4.22422
247 62 0 4.65265
247 74 0 3.65056
247 84 0 4.11712
247 92 0 6.57098
247 103 0 5.38912
247 105 0 10.8581
247 107 0 4.32445
247 108 0 1.88923
247 111 0 7.21263
247 116 0 1.48626
247 118 0 4.72133
247 123 0 7.14405
247 127 0 9.24375
247 128 0 10.2397
247 133 0 6.19538
247 135 0 2.53404
247 148 0 3.16258
247 162 0 7.74039
247 172 0 4.00731
247 173 0 1.78646
247 189 0 8.74614
247 192 0 10.8753
247 194 0 10.0561
247 197 0 14.74
247 198 0 8.035
247 202 0 6.66721
247 206 0 9.8196
247 208 0 1.70978
247 213 0 5.02987
247 220 0 5.74749
247 221 0 0.768998
247 223 0 9.88704
247 225 0 5.88773
247 235 0 4.39084
247 239 0 2.88773
247 240 0 0.683496
247 242 0 3.00048
247 245 0 3.06812
247 246 0 2.54003
247 250 0 8.54713
247 252 0 7.89248
247 260 0 4.13212
247 268 0 4.18969
247 271 0 2.03024
247 293 0 3.14933
247 301 0 4.00087
247 305 0 3.4433
247 306 0 1.28119
247 307 0 6.31484
247 311 0 7.75486
247 316 0 6.05036
247 329 0 8.68695
247 333 0 2.5338
247 335 0 2.26308
247 342 0 2.89126
247 350 0 3.34951
247 352 0 6.92307
247 358 0 2.38776
247 359 0 3.75111
247 361 0 0.68513
247 367 0 5.88781
247 369 0 6.97041
247 372 0 2.30197
247 374 0 4.58913
247 376 0 1.88048
247 379 0 3.4888
247 381 0 7.42045
247 382 0 7.56947
247 384 0 14.3736
247 385 0 18.4789
247 386 0 1.00264
247 387 0 0.957114
247 388 0 1.97911
248 0 0 4.77881
248 3 0 0.480197
248 9 0 10.7182
248 12 0 2.04087
248 15 0 3.09531
248 18 0 0.624748
248 25 0 6.19332
248 26 0 6.92379
248 30 0 1.79638
248 37 0 6.13593
248 38 0 2.75533
248 41 0 5.05175
248 43 0 1.93614
248 50 0 2.99032
248 51 0 4.09576
248 54 0 6.0311
248 62 0 5.67549
248 63 0 2.61616
248 64 0 3.10681
248 65 0 2.64046
248 66 0 3.79222
248 74 0 5.43958
248 78 0 0.881445
248 82 0 1.01924
248 84 0 2.3838
248 89 0 1.14777
248 91 0 4.63331
248 95 0 1.78909
248 97 0 3.8259
248 99 0 2.2263
248 104 0 1.87011
248 108 0 3.84513
248 110 0 1.44123
248 117 0 2.29361
248 120 0 8.43995
248 125 0 0.659257
248 130 0 5.92592
248 131 0 1.01059
248 147 0 11.0929
248 152 0 0.623451
248 158 0 6.69812
248 160 0 6.73318
248 172 0 3.81633
248 174 0 4.07742
248 187 0 3.44615
248 189 0 6.13757
248 192 0 1.58966
248 194 0 3.52824
248 195 0 3.74127
248 196 0 2.48841
248 197 0 3.79534
248 200 0 2.6765
248 209 0 7.52762
248 218 0 5.60014
248 219 0 2.54086
248 220 0 6.49424
248 228 0 0.72422
248 231 0 1.13655
248 234 0 4.25866
248 235 0 5.05543
248 239 0 2.32075
248 240 0 1.3691
248 241 0 3.40211
248 242 0 2.83864
248 243 0 5.57309
248 254 0 0.687146
248 256 0 2.01899
248 259 0 4.22531
248 267 0 4.03483
248 269 0 2.37109
248 270 0 4.28041
248 271 0 2.28543
248 277 0 4.09013
248 280 0 5.80857
248 282 0 0.9177
248 284 0 5.52895
248 293 0 6.53776
248 297 0 3.97035
248 298 0 1.66524
248 308 0 1.95027
248 310 0 4.67088
248 313 0 2.04127
248 319 0 0.921781
248 327 0 7.03291
248 328 0 0.754245
248 330 0 3.89944
248 343 0 5.71967
248 345 0 3.5308
248 347 0 2.9738
248 349 0 7.46424
248 355 0 3.76451
248 358 0 3.54601
248 361 0 1.51813
248 364 0 1.55596
248 367 0 3.32514
248 369 0 0.958642
248 373 0 3.33231
248 377 0 2.10203
248 380 0 1.68147
248 383 0 0.77167
